0 000000000000
3 000000000011
4 000000000100
5 000000000101
7 000000000111
10 000000001010
12 000000001100
15 000000001111
19 000000010011
23 000000010111
28 000000011100
33 000000100001
38 000000100110
41 000000101001
44 000000101100
48 000000110000
52 000000110100
56 000000111000
60 000000111100
64 000001000000
69 000001000101
73 000001001001
78 000001001110
84 000001010100
89 000001011001
95 000001011111
101 000001100101
107 000001101011
114 000001110010
121 000001111001
128 000010000000
135 000010000111
143 000010001111
151 000010010111
159 000010011111
168 000010101000
176 000010110000
185 000010111001
195 000011000011
204 000011001100
214 000011010110
224 000011100000
235 000011101011
246 000011110110
257 000100000001
268 000100001100
280 000100011000
292 000100100100
304 000100110000
317 000100111101
330 000101001010
343 000101010111
357 000101100101
371 000101110011
386 000110000010
402 000110010010
418 000110100010
435 000110110011
452 000111000100
469 000111010101
487 000111100111
505 000111111001
524 001000001100
543 001000011111
563 001000110011
583 001001000111
603 001001011011
623 001001101111
644 001010000100
665 001010011001
687 001010101111
709 001011000101
731 001011011011
754 001011110010
777 001100001001
801 001100100001
825 001100111001
849 001101010001
874 001101101010
898 001110000010
924 001110011100
949 001110110101
975 001111001111
1001 001111101001
1028 010000000100
1055 010000011111
1082 010000111010
1109 010001010101
1137 010001110001
1165 010010001101
1193 010010101001
1222 010011000110
1251 010011100011
1280 010100000000
1309 010100011101
1339 010100111011
1369 010101011001
1399 010101110111
1429 010110010101
1460 010110110100
1483 010111001011
1499 010111011011
1521 010111110001
1545 011000001001
1561 011000011001
1584 011000110000
1615 011001001111
1647 011001101111
1670 011010000110
1686 011010010110
1702 011010100110
1718 011010110110
1734 011011000110
1750 011011010110
1774 011011101110
1797 011100000101
1814 011100010110
1830 011100100110
1846 011100110110
1862 011101000110
1878 011101010110
1902 011101101110
1926 011110000110
1943 011110010111
1967 011110101111
1991 011111000111
2007 011111010111
2031 011111101111
