0 0000000000000000
53 0000000000110101
102 0000000001100110
174 0000000010101110
274 0000000100010010
408 0000000110011000
534 0000001000010110
631 0000001001110111
739 0000001011100011
858 0000001101011010
990 0000001111011110
1134 0000010001101110
1294 0000010100001110
1473 0000010111000001
1669 0000011010000101
1880 0000011101011000
2107 0000100000111011
2351 0000100100101111
2613 0000101000110101
2892 0000101101001100
3189 0000110001110101
3506 0000110110110010
3844 0000111100000100
4200 0001000001101000
4577 0001000111100001
4973 0001001101101101
5387 0001010100001011
5823 0001011010111111
6301 0001100010011101
6824 0001101010101000
7367 0001110011000111
7938 0001111100000010
8536 0010000101011000
9159 0010001111000111
9808 0010011001010000
10476 0010100011101100
11167 0010101110011111
11884 0010111001101100
12626 0011000101010010
13392 0011010001010000
14175 0011011101011111
14980 0011101010000100
15810 0011110111000010
16658 0100000100010010
17524 0100010001110100
18410 0100011111101010
19317 0100101101110101
20242 0100111100010010
21184 0101001011000000
22141 0101011001111101
23111 0101101001000111
24092 0101111000011100
24843 0110000100001011
25346 0110001100000010
26097 0110010111110001
26853 0110100011100101
27362 0110101011100010
28122 0110110111011010
28887 0111000011010111
29405 0111001011011101
30177 0111010111100001
31205 0111100111100101
31982 0111110011101110
32498 0111111011110010
