0 00000000000000000000000000000000
2897118 00000000001011000011010011011110
4162388 00000000001111111000001101010100
5753439 00000000010101111100101001011111
7707029 00000000011101011001100110010101
10065267 00000000100110011001010101110011
12864931 00000000110001000100110110100011
16133829 00000000111101100010111011000101
19921197 00000001001011111111100100101101
24302778 00000001011100101101010010111010
29318698 00000001101111110101111000101010
34979008 00000010000101011011110011000000
39674182 00000010010111010110000101000110
43030014 00000010100100001001010111111110
46574373 00000010110001101010101100100101
50307700 00000010111111111010001001110100
54229283 00000011001110110111100100100011
58337170 00000011011110100010011110010010
62628098 00000011101110111010000100000010
67130833 00000100000000000101010111010001
71845368 00000100010010000100010111111000
76772228 00000100100100110111001110000100
82031259 00000100111000111011001010011011
87642126 00000101001110010101000000001110
93536707 00000101100100110100000111000011
99671703 00000101111100001101111010010111
106044218 00000110010100100001101100111010
112703416 00000110101101111011011110111000
119652468 00000111001000011100000001110100
126831648 00000111100011110100110000100000
134298779 00001000000000010011110010011011
142051873 00001000011101111000101000100001
150019749 00001000111100010001111010100101
158265017 00001001011011101110111010111001
166784835 00001001111100001110111101000011
175660261 00001010011110000101110011100101
184808457 00001011000000111111010000001001
194226572 00001011100100111010100110001100
204002877 00001100001010001101011000111101
214042113 00001100110000100000011000000001
224442700 00001101011000001011100101001100
235207515 00001110000001001111101101011011
246225187 00001110101011010001100100100011
257605954 00001111010110101100000101000010
269350603 00010000000011011111011011001011
281330374 00010000110001001100001011000110
293668176 00010001100000010000010101010000
306362520 00010010010000101011100010011000
319266148 00010011000001111001110101100100
332515486 00010011110100011100100010011110
346106660 00010100101000010010101100100100
360038902 00010101011101011100000111110110
374306909 00010110010011110111100001011101
388908590 00010111001011100100011000101110
404573763 00011000000111010100111001000011
421368251 00011001000111011001000110111011
438583169 00011010001001000011111110000001
456010821 00011011001011100010110001000101
473836245 00011100001111100010101011010101
492050036 00011101010101000001011001110100
510646570 00011110011011111101100100101010
529848008 00011111100101001101011011001000
549425736 00100000101111111001001001001000
569371704 00100001111011111110110000111000
589927719 00100011001010011001010100100111
610840836 00100100011010001011000100000100
632100522 00100101101011010001011010101010
653690363 00100110111101101000010111111011
675598156 00101000010001001100111101001100
697805867 00101001100101111010110000101011
720299748 00101010111011101110011011100100
743368870 00101100010011101110100010100110
767018285 00101101101101111100010100101101
790928490 00101111001001001001110001101010
815082846 00110000100101010010110101011110
839798056 00110010000011100100110100101000
865076377 00110011100100000000010010011001
890565126 00110101000101001111001000000110
916245045 00110110100111001100101000110101
942091463 00111000001001110010110011000111
968460479 00111001101110011000100010111111
995345962 00111011010100111100011000101010
1022360052 00111100111011111111100111110100
1049874025 00111110100100111100111001101001
1077884567 01000000001111110011011010010111
1105975849 01000001111010111101101000101001
1134124868 01000011100110010101111101000100
1162729100 01000101010011011101011010001100
1191782748 01000111000010010010100101011100
1221279300 01001000110010110011111001000100
1251211529 01001010100100111111100100001001
1281120939 01001100010111000101101010101011
1311439306 01001110001010101111100111001010
1342153636 01001111111111111010001110100100
1372790178 01010001110100110001110110100010
1403793572 01010011101011000011000010100100
1435153266 01010101100010101011001101110010
1466858075 01010111011011100111101001011011
1498896186 01011001010101110101011100111010
1530761784 01011011001111011001001000111000
1554973971 01011100101011110000010100010011
1571378523 01011101101010010101010101011011
1595377919 01011111000101111000100011111111
1620014088 01100000100011110111010000001000
1636694971 01100001100011011111101110111011
1661082531 01100011000000100001101110100011
1693794658 01100100111101010100000101100010
1726728657 01100110111010111100100111010001
1751559776 01101000011001101010111001100000
1768179758 01101001011001000100100000101110
1784846773 01101010011000101001100110110101
1801558880 01101011011000011001101101100000
1818314114 01101100011000010100010110000010
1835110489 01101101011000011001000001011001
1859854692 01101110110110110010000101100100
1884668588 01110000010101011100001010101100
1901607279 01110001010110000011100101101111
1918577027 01110010010110110010100110000011
1935575741 01110011010111101000101010111101
1952601313 01110100011000100101010011100001
1969651623 01110101011001100111111110100111
1994736875 01110110111001010100010011101011
2019859621 01111000011001001001110010100101
2036986500 01111001011010011111001010000100
2062167809 01111010111010100010111100000001
2087370135 01111100011010101011110110010111
2104539930 01111101011100001011101100011010
2129767665 01111110111100011010110011110001
