0 00000000
0 00000000
0 00000000
0 00000000
0 00000000
1 00000001
1 00000001
1 00000001
1 00000001
1 00000001
2 00000010
2 00000010
2 00000010
3 00000011
3 00000011
3 00000011
3 00000011
3 00000011
4 00000100
4 00000100
4 00000100
5 00000101
5 00000101
5 00000101
6 00000110
6 00000110
6 00000110
7 00000111
7 00000111
8 00001000
8 00001000
8 00001000
9 00001001
9 00001001
10 00001010
10 00001010
11 00001011
12 00001100
12 00001100
13 00001101
13 00001101
14 00001110
15 00001111
15 00001111
16 00010000
17 00010001
18 00010010
18 00010010
19 00010011
20 00010100
21 00010101
21 00010101
22 00010110
23 00010111
24 00011000
25 00011001
26 00011010
27 00011011
28 00011100
29 00011101
30 00011110
32 00100000
33 00100001
34 00100010
35 00100011
36 00100100
38 00100110
39 00100111
40 00101000
42 00101010
43 00101011
44 00101100
46 00101110
47 00101111
49 00110001
50 00110010
52 00110100
53 00110101
55 00110111
56 00111000
58 00111010
59 00111011
61 00111101
63 00111111
64 01000000
66 01000010
68 01000100
69 01000101
71 01000111
73 01001001
75 01001011
76 01001100
78 01001110
80 01010000
82 01010010
84 01010100
86 01010110
87 01010111
89 01011001
91 01011011
93 01011101
94 01011110
95 01011111
97 01100001
98 01100010
99 01100011
101 01100101
103 01100111
104 01101000
105 01101001
106 01101010
107 01101011
108 01101100
109 01101101
111 01101111
112 01110000
113 01110001
114 01110010
115 01110011
116 01110100
117 01110101
119 01110111
120 01111000
121 01111001
123 01111011
124 01111100
125 01111101
127 01111111
