0 000000000000000000000000
11317 000000000010110000110101
16259 000000000011111110000011
22474 000000000101011111001010
30106 000000000111010110011010
39317 000000001001100110010101
50254 000000001100010001001110
63023 000000001111011000101111
77817 000000010010111111111001
94933 000000010111001011010101
114526 000000011011111101011110
136637 000000100001010110111101
154977 000000100101110101100001
168086 000000101001000010010110
181931 000000101100011010101011
196514 000000101111111110100010
211833 000000110011101101111001
227880 000000110111101000101000
244641 000000111011101110100001
262230 000001000000000001010110
280646 000001000100100001000110
299892 000001001001001101110100
320435 000001001110001110110011
342352 000001010011100101010000
365378 000001011001001101000010
389343 000001011111000011011111
414235 000001100101001000011011
440248 000001101011011110111000
467392 000001110010000111000000
495436 000001111000111101001100
524605 000010000000000100111101
554890 000010000111011110001010
586015 000010001111000100011111
618223 000010010110111011101111
651503 000010011111000011101111
686173 000010100111100001011101
721908 000010110000001111110100
758698 000010111001001110101010
796886 000011000010100011010110
836102 000011001100001000000110
876729 000011010110000010111001
918779 000011100000010011111011
961817 000011101010110100011001
1006273 000011110101101011000001
1052151 000100000000110111110111
1098947 000100001100010011000011
1147141 000100011000000100000101
1196729 000100100100001010111001
1247133 000100110000011110011101
1298889 000100111101000111001001
1351979 000101001010000100101011
1406402 000101010111010111000010
1462136 000101100100111101111000
1519174 000101110010111001000110
1580366 000110000001110101001110
1645970 000110010001110110010010
1713216 000110100010010001000000
1781292 000110110010111000101100
1850923 000111000011111000101011
1922070 000111010101010000010110
1994713 000111100110111111011001
2069719 000111111001010011010111
2146194 001000001011111110010010
2224108 001000011110111111101100
2304405 001000110010100110010101
2386097 001001000110100010110001
2469143 001001011010110100010111
2553478 001001101111011010000110
2639055 001010000100010011001111
2725804 001010011001011110101100
2813671 001010101110111011100111
2903785 001011000100111011101001
2996165 001011011011011111000101
3089564 001011110010010010011100
3183917 001100001001010100101101
3280461 001100100000111001001101
3379205 001100111001000000000101
3478770 001101010001010011110010
3579082 001101101001110011001010
3680045 001110000010011100101101
3783049 001110011011100110001001
3888070 001110110101001111000110
3993594 001111001110111111111010
4101070 001111101001001111001110
4210487 010000000011111100110111
4320218 010000011110101111011010
4430175 010000111001100101011111
4541911 010001010100110111010111
4655401 010001110000100100101001
4770622 010010001100101100111110
4887545 010010101001001111111001
5004379 010011000101110001011011
5122810 010011100010101011111010
5242788 010011111111111110100100
5362462 010100011101001100011110
5483569 010100111010110000110001
5606067 010101011000101010110011
5729914 010101110110111001111010
5855063 010110010101011101010111
5979538 010110110011110110010010
6074117 010111001010111100000101
6138197 010111011010100101010101
6231945 010111110001011110001001
6328180 011000001000111101110100
6393340 011000011000110111111100
6488604 011000110000001000011100
6616385 011001001111010101000001
6745034 011001101110101111001010
6842030 011010000110011010101110
6906952 011010010110010001001000
6972058 011010100110001010011010
7037339 011010110110000110011011
7102790 011011000110000101000110
7168400 011011010110000110010000
7265057 011011101101101100100001
7361987 011100000101010111000011
7428153 011100010101100000111001
7494442 011100100101101100101010
7560843 011100110101111010001011
7627349 011101000110001001010101
7693952 011101010110011010000000
7791941 011101101110010101000101
7890077 011110000110010010011101
7956979 011110010110100111110011
8055343 011110101110101000101111
8153790 011111000110101010111110
8220859 011111010111000010111011
8319405 011111101111000110101101
