0 000000000000
5 000000000101
14 000000001110
31 000000011111
50 000000110010
66 000001000010
86 000001010110
111 000001101111
139 000010001011
172 000010101100
209 000011010001
251 000011111011
298 000100101010
350 000101011110
410 000110011010
478 000111011110
553 001000101001
634 001001111010
720 001011010000
813 001100101101
911 001110001111
1014 001111110110
1123 010001100011
1236 010011010100
1354 010101001010
1475 010111000011
1599 011000111111
1726 011010111110
1822 011100011110
1886 011101011110
1950 011110011110
2015 011111011111
