0 00000000000000000000000000000000
4915699 00000000010010110000000111110011
14438442 00000000110111000101000000101010
32075693 00000001111010010110111110101101
52233151 00000011000111010000001110111111
69474556 00000100001001000001100011111100
90575697 00000101011001100001001101010001
116123532 00000110111010111110011110001100
145930690 00001000101100101011100111000010
180197437 00001010101111011001100000111101
219267778 00001101000100011100001011000010
263410425 00001111101100110101001011111001
312700790 00010010101000110110111101110110
367172413 00010101111000101001101100111101
429793872 00011001100111100010001001010000
501430960 00011101111000110011101010110000
579701625 00100010100011011000101101111001
664377539 00100111100110011001100011000011
755168586 00101101000000101111010101001010
852372543 00110010110011100010110000111111
955350061 00111000111100010111110000101101
1063721809 00111111011001110001101101010001
1177479004 01000110001011101110011101011100
1296255145 01001101010000110100100010101001
1419648773 01010100100111100001111100000101
1546743527 01011100001100010110111011100111
1677044544 01100011111101011010101101000000
1809516631 01101011110110110000100001010111
1910107159 01110001110110011110110000010111
1977664922 01110101111000001100010110011010
2045027620 01111001111001001010010100100100
2112592994 01111101111010111001110001100010
