0 000000000000000000000000000000000000000000000000
312767451580 000000000100100011010010011001001001000110111100
795261211413 000000001011100100101001010000110001001100010101
1556404792247 000000010110101001100000111101000110101110110111
2308241232475 000000100001100101101101111001100001001001011011
2908376750163 000000101010010100101000110000110101100001010011
3595151702337 000000110100010100001111101111010111100101000001
4371191096681 000000111111100110111111010010101110010101101001
5216787257981 000001001011111010100000110000000101101001111101
6125175154668 000001011001001000100000111000111010011111101100
7093049394711 000001100111001101111010101100001000011000010111
8114254573190 000001110110000100111111010000101110111010000110
9178232436562 000010000101100011111001010010001011011101010010
10274177088936 000010010101100000100100101011001111110110101000
11446883648075 000010100110100100101111011011110000001001001011
12684552463468 000010111000100101011010001111100110010001101100
13928467443752 000011001010101011111001010110101011000000101000
15161110297285 000011011100100111111000100101111111101011000101
16366745672469 000011101110001010101110000011111101101100010101
17537299059724 000011111111001100111000011110110001010000001100
18653371047392 000100001111011100010011100011100001110111100000
19701840825881 000100011110101100110001001110010100111000011001
20672879526390 000100101100110101000111101001000000000111110110
21554430339639 000100111001101010001000001010011110101000110111
22334799285568 000101000101000000111001110001110000110101000000
23001141829259 000101001110101101011110111000110101111010001011
23545529053262 000101010110101000011110111001010011000001001110
23958994572540 000101011100101001100011010111000101010011111100
24168300124591 000101011111101100011110111100011001100110101111
24273452432126 000101100001001110011010100000100111101011111110
24343535504609 000101100010001111101011110010010100110011100001
24378959219787 000101100010110000101011001101000100110001001011
