0 000000000000000000000000
13816 000000000011010111111000
24366 000000000101111100101110
38631 000000001001011011100111
56862 000000001101111000011110
79411 000000010011011000110011
99104 000000011000001100100000
113736 000000011011110001001000
129488 000000011111100111010000
146316 000000100011101110001100
164175 000000101000000101001111
183085 000000101100101100101101
203503 000000110001101011101111
225506 000000110111000011100010
248664 000000111100101101011000
272868 000001000010100111100100
298107 000001001000110001111011
324250 000001001111001010011010
351297 000001010101110001000001
379240 000001011100100101101000
407967 000001100011100110011111
437651 000001101010110110010011
468186 000001110010010011011010
499303 000001111001111001100111
531043 000010000001101001100011
563272 000010001001100001001000
595869 000010010001011110011101
628891 000010011001100010011011
663899 000010100010000101011011
700598 000010101011000010110110
737299 000010110100000000010011
774272 000010111101000010000000
811358 000011000110000101011110
848424 000011001111001000101000
885304 000011011000001000111000
921618 000011100001000000010010
957454 000011101001110000001110
992895 000011110010011001111111
1027798 000011111010111011010110
1062020 000100000011010010000100
1095186 000100001011011000010010
1127420 000100010011001111111100
1158792 000100011010111010001000
1188959 000100100010010001011111
1217808 000100101001010100010000
1245441 000100110000000100000001
1271724 000100110110011110101100
1296560 000100111100100010110000
1319827 000101000010001110010011
1341446 000101000111100000000110
1361314 000101001100010110100010
1379373 000101010000110000101101
1391624 000101010011110000001000
1399306 000101010101101000001010
1409992 000101011000001111001000
1419221 000101011010011111010101
1424901 000101011011111000000101
1432612 000101011101110000100100
1438828 000101011111010001101100
1442507 000101100000001011001011
1447200 000101100001010100100000
1451377 000101100010010101110001
1452969 000101100010101110101001
1453497 000101100010110110111001
