0 0000000000000000000000000000000000000000000000000000000000000000
12904687501155600 0000000000101101110110001011111010110010011100011001110100010000
17737131411784594 0000000000111111000000111101001110111001001000100100001110010010
23521698380514784 0000000001010011100100001101110000101100011111000000010111100000
30301309693753856 0000000001101011101001101110000101110000100001100111101000000000
38131948268437200 0000000010000111011110001100111000001111001000100011111011010000
47042076014388328 0000000010100111001000001000010011010110010101011010010001101000
57031402296256936 0000000011001010100111011100001000011010111010010010100110101000
68159804904623832 0000000011110010001001101111101100111111010011001100111011011000
80551949298863136 0000000100011110001011011001001000110011111011001000110000100000
94213038219752336 0000000101001110101101100100001001010100010011000111001110010000
109073043858507220 0000000110000011100000010101101100000001110000011100010111010000
120963196065289700 0000000110101101101111110110001011001100010111100001010111100000
129312035627637020 0000000111001011011010001001110001111100110001001001100100100000
137975770820053680 0000000111101010001100000011101110000111010101110000101010110000
146943076070788350 0000001000001010000010111111001011111011011001110000110100000000
156200448522946940 0000001000101010111011110111101011110111111101111000100110000000
165732208717571840 0000001001001100110011001001000011010100011100111010011100000000
175520522044312930 0000001001101111100100101111110000011111001111100000110101100000
185620366067545410 0000001010010011011101001011110101001110100010001011010101000000
196018111514782140 0000001010111000011001010110111100010010011000011010100111000000
206704265766737860 0000001011011110010111000110111100111110100101011001011111000000
217921716939536420 0000001100000110001101101010010110011111000001100011100000100000
229684793271895550 0000001100110000000000010001101001000001010001111100011000000000
241830639975381630 0000001101011011001001111010111110001111100010011011101010000000
254254479971974820 0000001110000111010010110001101000111001010001111111111010100000
266940355948179520 0000001110110100010111001101011011100100100000011111000001000000
279971703444717630 0000001111100010101010001100011111101010111110111100000001000000
293338958388678530 0000010000010010001001100011101001111101100010100100111110000000
306913777736623940 0000010001000010011000000111010001101010101010100010011101000000
320796547506162820 0000010001110011101100101100001010100011010001101100110010000000
334965394414620480 0000010010100110000010010100000001100010001000011100111101000000
349282926561780610 0000010011011000111001101111100010011011110100101110001110000000
363851012368732100 0000010100001100101010001001000101100111011001111000111111000000
378652614279324990 0000010101000001001111101000101111100111011001000110010101000000
393814710183061500 0000010101110111000111000110010001110011110010001110100000000000
409177571475058180 0000010110101101101100001101010101010101110100111110111000000000
424730787050063550 0000010111100100111100100110011010000111010010101000011011000000
440602595407359300 0000011000011101010101011011100111100010010111101110110101000000
456626392143993280 0000011001010110010000110100100011001010110011111001100111000000
472947759999351040 0000011010010000001111110111101101100000000100111111100100000000
489551734533596290 0000011011001011001111001011010101110100000011010010010010000000
506255886180291710 0000011100000110100101010000101111010101001110100001010010000000
523217253273398210 0000011101000010110101110101000111011001101101110110101111000000
540418277266281730 0000011101111111111100111000111101010110100101011101010100000000
557661371199846020 0000011110111101001101100000111111111111010100101111011010000000
575115102122742270 0000011111111011001110000010001101100110111111010001001000000000
592759716991862660 0000100000111001111001111101001001110000011101100000011110000000
610383487130359300 0000100001111000100001001000110000101111001010110101011000000000
628166447224168450 0000100010110111101100100000111000111010100111011010000000000000
646087157888750980 0000100011110111010111001101100011010011111001101001010110000000
664135952916256260 0000100100110111011111000010000101100100001000111001011000000000
682290337008951550 0000100101110111111110110111001001010011000110011010000100000000
700540036448526340 0000100110111000110100010111001110010111011101000010000000000000
719765697510124030 0000100111111101000111110001011010100001100110100010101000000000
739971612392862720 0000101001000100111010000100001011001100100011001011010000000000
760267457838479620 0000101010001101000000110011100110001110110000000111100100000000
780402429459589630 0000101011010100100010111101111111110101110010100110101000000000
800585457346582270 0000101100011100010000000011101101010101011111001001011100000000
820787744531127940 0000101101100100000001100001101011011100110001011001111010000000
840995235768364670 0000101110101011110100001011011000001101110001001110111010000000
861427066310156030 0000101111110100011001110101101001001111010100101101111100000000
881817848574922500 0000110000111100110110001010100101000100111010000100111100000000
902153119640403710 0000110010000101000101110111101110000101001011010011111100000000
922657871497193730 0000110011001101111100000111001000010111110011101110100100000000
943058500186147200 0000110100010110011010101011010110011010000000100000100110000000
963340657633962110 0000110101011110011110010011100101011111111101101010100010000000
983474151359953790 0000110110100110000000001000011110101101100101101011101110000000
1003445444766784300 0000110111101100111101000101000011000110110011101101101100000000
1023225161215679200 0000111000110011001110011101110011100011100000001001101100000000
1042800860435733000 0000111001111000110001011101101110001001101111100101101000000000
1062406537250494700 0000111010111110011011010001110111100011110111100101100100000000
1082022912944441100 0000111100000100000111100001101101000100111000110000011100000000
1101367810196533500 0000111101001000110110000011000000100101110100000111000100000000
1120430433437645100 0000111110001100100100011000101011111100100101100111100100000000
1139444734967334900 0000111111010000000111101111001100001100111010101100100000000000
1158390123724536300 0001000000010011011011011010111000011011111010111111101000000000
1176986907942303700 0001000001010101011111110101101101011001001011111011100000000000
1195226845859346400 0001000010010110010011000111101111010101011101001111100000000000
1213085502349067000 0001000011010101101111101101011001010001101100010100001100000000
1230809763190529500 0001000100010100101101101111010101100001000011011101111000000000
1248361548420833800 0001000101010011000100100011011011010100111000010110001000000000
1265489684879654900 0001000110001111111011000010100111011110001011000100000000000000
1282417768408741100 0001000111001100000100000010101001110011101001101111010100000000
1299125036835795500 0001001000000111011010110101011010000011011010011111001000000000
1315352614548309500 0001001001000001000100100011101111100000100010001000011000000000
1331099724525906400 0001001001111001000001000010010110100000111111001010101000000000
1346579359166381600 0001001010110000000000101100101011101100111111000011111000000000
1361771867785303600 0001001011100101111111000100110001111100011101101001011000000000
1376657558396042800 0001001100011010110111101100000101101001100011010111111000000000
1391216745513511900 0001001101001110100110000100001001010001111010000110110000000000
1405218878590835700 0001001110000000010101110001111111111010000101000101110000000000
1418875323249258000 0001001110110000110110111001011011000110110101101110111000000000
1432149475531250700 0001001111100000000001000101110000110010010011010101110000000000
1444847230012570100 0001010000001101001000001110011010001011100110110011101000000000
1457147752054287400 0001010000111000110101000010100100000010011101000110110000000000
1469034044073337600 0001010001100011000011101010111000000111111100100110001100000000
1480489439390500900 0001010010001011110000010100110100011000100101101000100000000000
1491497650340232700 0001010010110010110111010011010111101111110110111111111000000000
1501882031940316400 0001010011010111110000011100000000110000010110000010110100000000
1509356352894438900 0001010011110010010011111001101100100101110000001000111000000000
1514270729563780400 0001010100000011110001010011010010100001011010111011010100000000
1521254170739753200 0001010100011100100101001001101110111100000001100100000100000000
1527999656391044100 0001010100110100100010111001011110000000000110110110110000000000
1532414708480326700 0001010101000100001110110000111011101011100011011011110000000000
1538660055956932600 0001010101011010011010110010101100110001011001010100100000000000
1546475230268685600 0001010101110110001011110000011101000010000110101111110100000000
1553777609706161900 0001010110010000001000001000000011110110011111011100011100000000
1558856760887250900 0001010110100010001010111111011100000000011001101001000000000000
1562113577309701600 0001010110101101101111100000010110101010010111000000011000000000
1565236441767034900 0001010110111000110101100100000000110101000001010100000000000000
1568224198995026900 0001010111000011011100111001100110100101010001010010010000000000
1571075740020694800 0001010111001101100101010000111111000111001010101101111100000000
1573790003063131600 0001010111010111001110011010101101100011101000111000111000000000
1577576069395320300 0001010111100100101011010001001110100110011101110000111000000000
1580959821579160300 0001010111110000101100101001010011011001011001000000101100000000
1583124167444490500 0001010111111000011000110000101011100011110111010110100100000000
1585146712702836700 0001010111111111100100101000100101100111100001111110000000000000
1587026692381050100 0001011000000110010000000101111001001000011011111000010100000000
1588763393938585600 0001011000001100011010111110001110011111110110100111100000000000
1590356157864232700 0001011000010010000101000111111111011111110110100100011100000000
1592484029443787800 0001011000011001101000111100100110010101011110101100110000000000
1594196963789380900 0001011000011111101110011011000100110000101011000001110100000000
1595217600221278500 0001011000100011010110011111010010100000101000111111000100000000
1596501915918539800 0001011000100111111010100000100010101101100011100001110000000000
1597367861239381000 0001011000101010111111011001101101001000110011000111110000000000
1597810323475838000 0001011000101100100100000000011000001101001110101011010000000000
1598243732659793400 0001011000101110000110100011010011111101101011100110111000000000
