0 000000000000000000000000
18642 000000000100100011010010
47401 000000001011100100101001
92769 000000010110101001100001
137582 000000100001100101101110
173353 000000101010010100101001
214288 000000110100010100010000
260543 000000111111100110111111
310945 000001001011111010100001
365089 000001011001001000100001
422779 000001100111001101111011
483647 000001110110000100111111
547065 000010000101100011111001
612389 000010010101100000100101
682287 000010100110100100101111
756058 000010111000100101011010
830201 000011001010101011111001
903673 000011011100100111111001
975534 000011101110001010101110
1045304 000011111111001100111000
1111828 000100001111011100010100
1174321 000100011110101100110001
1232200 000100101100110101001000
1284744 000100111001101010001000
1331258 000101000101000000111010
1370975 000101001110101101011111
1403423 000101010110101000011111
1428067 000101011100101001100011
1440543 000101011111101100011111
1446811 000101100001001110011011
1450988 000101100010001111101100
1453099 000101100010110000101011
