0 00000000000000000000000000000000
4772453 00000000010010001101001001100101
12134723 00000000101110010010100101000011
23748852 00000001011010100110000011110100
35220966 00000010000110010110110111100110
44378307 00000010101001010010100011000011
54857661 00000011010001010000111110111101
66699083 00000011111110011011111101001011
79601856 00000100101111101010000011000000
93462756 00000101100100100010000011100100
108231345 00000110011100110111101010110001
123813699 00000111011000010011111101000011
140048713 00001000010110001111100101001001
156771501 00001001010110000010010010101101
174665583 00001010011010010010111101101111
193550910 00001011100010010101101000111110
212531547 00001100101010101111100101011011
231340184 00001101110010011111100010011000
249736720 00001110111000101010111000010000
267597947 00001111111100110011100001111011
284627854 00010000111101110001001110001110
300626233 00010001111010110011000100111001
315443108 00010010110011010100011110100100
328894506 00010011100110101000100000101010
340801991 00010100010100000011100111000111
350969571 00010100111010110101111011100011
359276261 00010101011010100001111011100101
365585244 00010101110010100110001101011100
368778994 00010101111110110001111011110010
370383490 00010110000100111001101010000010
371452873 00010110001000111110101111001001
371993396 00010110001011000010101100110100
