0 0000000000000000000000000000000000000000000000000000000000000000
15191045536592148 0000000000110101111110000010110011101000111110011011000100010100
26790567434188872 0000000001011111001011011110000100001111001111101111100001001000
42475151403106760 0000000010010110111001101110110011010111001010011100000111001000
62520170677062072 0000000011011110000111011100001110010100100000001100100110111000
87312866745692320 0000000100110110001100101001011011110110101100101011000010100000
108966036808467020 0000000110000011001000000000100001111100100011010000001001010000
125053557844611200 0000000110111100010001111000110001011101001110100001000010000000
142373089105724980 0000000111111001110011111001000111111001101110001100011000110000
160876502866891780 0000001000111011100011000101001110110110000101101001010000000000
180512830571358400 0000001010000001010011110111011010000111100110110010100011000000
201303870052734780 0000001011001011001011001100110110100010011001111001011101000000
223754341040417630 0000001100011010111011110110001100111110101010100110101101100000
247947004868491710 0000001101110000111000100111110010111100010011101111100111000000
273408612907059200 0000001111001011010101111010111101010010110110111000100000000000
300021834183843780 0000010000101001111001000100010011000011011000111001111111000000
327772492713374140 0000010010001100011110110101100001110011010100110011000111000000
356517169811555330 0000010011110010100110100111101000011110111100100000010000000000
386255309043315460 0000010101011100010000010010100000111000001000101011001100000000
416978636323362690 0000010111001001011001111101110001001000111110110001011110000000
448564239440097220 0000011000111001100111101100110010010110110001010010111111000000
481201905233082560 0000011010101101100100101001010101010010101010001011100011000000
514776202738128450 0000011100100100110110100011101010011111000001111101011001000000
548989629565124860 0000011110011110011001110010100011001111100110100100000100000000
583888481696185090 0000100000011010011000110111101100000011111100010111101100000000
619324450176049150 0000100010011000010010000100111001011101011101010010000000000000
655165364387727100 0000100100010111100111010110110101111101011110000100011100000000
691472803256117630 0000100110011000100110101101100111011001111011001010100110000000
729964518532806020 0000101000100001010110101101110010110001110010010111010110000000
770315693173166850 0000101010110000101101100000101010101000011111101101001100000000
810668520305269760 0000101101000000000100101011100101011111011000110001110000000000
851320626552982780 0000101111010000011111111001100101101111101001110100110100000000
892097999467755780 0000110001100001010111100110011101101011000111001011100100000000
932852574117571070 0000110011110010001010000111100101000100000101100010101000000000
973401855008051970 0000110110000010001101111101010001101111011101100001001100000000
1013329328991792400 0000111000010000000100011010011111100111000010100110110100000000
1052732009455411300 0000111010011100000011100010111101011011010001011110000010000000
1091700033754749200 0000111100100110011111110110010110001001001110111101100100000000
1130076051387131900 0000111110101110110101100010111001101100000110110010100000000000
1167703822750157300 0001000000110100100001000111000010100101111000111000101000000000
1204169655379739600 0001000010110110000100011110101111101110001101101100010000000000
1239611197912078600 0001000100110011111110111101000100010111001001010101100100000000
1274105219997088800 0001000110101110100001111111001001110100011001011011110000000000
1307274326867169300 0001001000100100010111110001001011110100111001111101000000000000
1338993600062858000 0001001010010101000011111001010111000000010001001010001100000000
1369376915338912300 0001001100000001000000010000110010011010011001010110001000000000
1398275214547714800 0001001101100111101010111110011000110101010110011000001100000000
1425582471279064600 0001001111001000101011111011010001011110100111001011011000000000
1451165123514766600 0001010000100011100100101111110111000001100010001001010100000000
1474935587613131800 0001010001111000000001100001101000110110010000110100010000000000
1496780888764016100 0001010011000101101000100100100110111101010111110110011000000000
1516636313956353300 0001010100001100001011001011000100101010110100111000010100000000
1530107095529985500 0001010100111100000010000100101111101001010111101001011000000000
1538553048906892300 0001010101011010000010011101100010101100001100001000010000000000
1550302313835688400 0001010110000011110001111011110110010110101001000111001000000000
1560449544326188500 0001010110100111110101001001011111001011011110111000111000000000
1566695091282414100 0001010110111110000001001110001010000011001111001000101000000000
1575173458937011500 0001010111011100001000111110101001001111100100000101110100000000
1582007738583308800 0001010111110100011010111010100000001010001011010101101000000000
1586052704411447000 0001011000000010110010101000100000001001011111011110111100000000
1591213012192688400 0001011000010101000111111100110111010001101110010111100100000000
1595805976430916400 0001011000100101011100010001010010100011100111000011001100000000
1597555829013645100 0001011000101011101010001000111111110001001101101000011100000000
1598136725609753100 0001011000101101101110001110001001111000011110011010101000000000
