0 00000000000000000000000000000000
3004607 00000000001011011101100010111111
4129748 00000000001111110000001111010100
5476572 00000000010100111001000011011100
7055073 00000000011010111010011011100001
8878286 00000000100001110111100011001110
10952837 00000000101001110010000010000101
13278658 00000000110010101001110111000010
15869691 00000000111100100010011011111011
18754962 00000001000111100010110110010010
21935682 00000001010011101011011001000010
25395547 00000001100000111000000101011011
28163939 00000001101011011011111101100011
30107804 00000001110010110110100010011100
32124988 00000001111010100011000000111100
34212851 00000010000010100000101111110011
36368251 00000010001010101110111101111011
38587537 00000010010011001100110010010001
40866556 00000010011011111001001011111100
43218109 00000010100100110111010010111101
45639023 00000010101110000110010101101111
48127087 00000010110111100101110001101111
50738854 00000011000001100011011010100110
53477658 00000011001100000000000100011010
56305584 00000011010110110010011110110000
59198234 00000011100001110100101100011010
62151895 00000011101101000101110011010111
65185992 00000011111000101010100011001000
68298298 00000100000100100010011000111010
71458932 00000100010000100110000001110100
74691267 00000100011100111011001011000011
77990208 00000100101001100000100101000000
81323769 00000100110110001110011011111001
84715665 00000101000011001010100010010001
88161932 00000101010000010011111010001100
91692132 00000101011101110001110001100100
95269077 00000101101011011011000011010101
98890343 00000101111001001111001001100111
102585786 00000110000111010101010110111010
106316617 00000110010101100100001101001001
110116731 00000110100100000011111101111011
113982645 00000110110010110011110010110101
117871884 00000111000001101001010100001100
121821010 00000111010000101101011101010010
125825935 00000111011111111111001110001111
129840656 00000111101111010011011000010000
133904419 00000111111110110011100000100011
138012626 00001000001110011110011111010010
142115980 00001000011110001000010010001100
146256398 00001000101101111011001000001110
150428889 00001000111101110101110011011001
154631201 00001001001101110111110000100001
158858098 00001001011101111111101101110010
163107188 00001001101110001101000101110100
167583511 00001001111111010001111100010111
172288067 00001010010001001110100001000011
177013562 00001010100011010000001100111010
181701600 00001010110101001000101111100000
186400827 00001011000111000100000000111011
191104539 00001011011001000000011000011011
195809462 00001011101010111101000010110110
200566618 00001011111101000110011101011010
205314217 00001100001111001101100010101001
210048892 00001100100001010001011101111100
214823026 00001100110011011111000001110010
219572918 00001101000101100110101010110110
224295225 00001101010111100111100100111001
228982920 00001101101001100000000010001000
233632849 00001101111011001111010001010001
238238173 00001110001100110011100111011101
242795996 00001110011110001100010111011100
247360798 00001110101111100110110100011110
251928091 00001111000001000001111000011011
256432176 00001111010010001101100000110000
260870539 00001111100011001001000110001011
265297651 00001111110100000001111011110011
269708718 00010000000100110110110110101110
274038619 00010000010101010111111101011011
278285436 00010000100101100100110001111100
282443478 00010000110101011011111011010110
286570229 00010001000101001011011011110101
290656823 00010001010100110001001000110111
294644778 00010001100011111110110000101010
298586154 00010001110011000001000000101010
302476119 00010010000001110110101101010111
306254396 00010010010000010001001000111100
309920806 00010010011110010000010000100110
313524939 00010010101100000000001011001011
317062220 00010010111001011111110001001100
320528065 00010011000110101101111011000001
323917890 00010011010011101001100001000010
327178016 00010011100000000101011100100000
330357655 00010011101100001101101110010111
333448284 00010011111000000000010001011100
336404711 00010100000011010010000011100111
339268649 00010100001110001101010000101001
342036142 00010100011000110000111010101110
344703309 00010100100010111100000101001101
347266358 00010100101100101101110100110110
349684160 00010100110101111100000111000000
351424411 00010100111100100100111110011011
352568629 00010101000000111100010100110101
354194588 00010101000111001001010010011100
355765144 00010101001101001000101110011000
356793103 00010101010001000011101100001111
358247211 00010101010110100110101100101011
360066823 00010101011101100010111100000111
361767041 00010101100100000010000010000001
362949623 00010101101000100010101111110111
363707910 00010101101011011011111000000110
364435008 00010101101110001101011001000000
365130650 00010101110000110111001110011010
365794576 00010101110011011001010100010000
366426539 00010101110101110011100110101011
367308052 00010101111001001010110100010100
368095893 00010101111100001011001010010101
368599819 00010101111110000110001100001011
369070729 00010101111111111001001010001001
369508446 00010110000001100100000001011110
369912804 00010110000011000110101111100100
370283648 00010110000100100001010010000000
370779082 00010110000110011010001111001010
371177905 00010110000111111011100110110001
371415541 00010110001000110101100111110101
371714569 00010110001001111110101000001001
371916187 00010110001010101111110110011011
372019206 00010110001011001001000000000110
372120117 00010110001011100001101000110101
