0 0000000000000000
54 0000000000110110
95 0000000001011111
151 0000000010010111
222 0000000011011110
310 0000000100110110
387 0000000110000011
444 0000000110111100
506 0000000111111010
572 0000001000111100
641 0000001010000001
715 0000001011001011
795 0000001100011011
881 0000001101110001
971 0000001111001011
1066 0000010000101010
1164 0000010010001100
1267 0000010011110011
1372 0000010101011100
1481 0000010111001001
1594 0000011000111010
1710 0000011010101110
1829 0000011100100101
1950 0000011110011110
2074 0000100000011010
2200 0000100010011000
2328 0000100100011000
2457 0000100110011001
2593 0000101000100001
2737 0000101010110001
2880 0000101101000000
3024 0000101111010000
3169 0000110001100001
3314 0000110011110010
3458 0000110110000010
3600 0000111000010000
3740 0000111010011100
3878 0000111100100110
4015 0000111110101111
4149 0001000000110101
4278 0001000010110110
4404 0001000100110100
4527 0001000110101111
4644 0001001000100100
4757 0001001010010101
4865 0001001100000001
4968 0001001101101000
5065 0001001111001001
5156 0001010000100100
5240 0001010001111000
5318 0001010011000110
5388 0001010100001100
5436 0001010100111100
5466 0001010101011010
5508 0001010110000100
5544 0001010110101000
5566 0001010110111110
5596 0001010111011100
5620 0001010111110100
5635 0001011000000011
5653 0001011000010101
5669 0001011000100101
5676 0001011000101100
5678 0001011000101110
