0 00000000000000000000000000000000
3536941 00000000001101011111100000101101
6237665 00000000010111110010110111100001
9889517 00000000100101101110011011101101
14556612 00000000110111100001110111000100
20329111 00000001001101100011001010010111
25370632 00000001100000110010000000001000
29116300 00000001101111000100011110001100
33148818 00000001111110011100111110010010
37456980 00000010001110111000110001010100
42028919 00000010100000010100111101110111
46869710 00000010110010110010110011001110
52096867 00000011000110101110111101100011
57729661 00000011011100001110001001111101
63657903 00000011110010110101011110101111
69854277 00000100001010011110010001000101
76315480 00000100100011000111101101011000
83008122 00000100111100101001101001111010
89932072 00000101010111000100000100101000
97085404 00000101110010010110011111011100
104439501 00000110001110011001111011001101
112038549 00000110101011011001001010010101
119855675 00000111001001001101101000111011
127821609 00000111100111100110011100101001
135947131 00001000000110100110001101111011
144197710 00001000100110000100100001001110
152542573 00001001000101111001110101101101
160996058 00001001100110001001101011011010
169958109 00001010001000010101101011011101
179353099 00001010101100001011011000001011
188748473 00001011010000000001001010111001
198213529 00001011110100000111111110011001
207707751 00001100011000010101111001100111
217196665 00001100111100100010100001111001
226637780 00001101100000100011011111010100
235934120 00001110000100000001000110101000
245108271 00001110100111000000111000101111
254181222 00001111001001100111111101100110
263116334 00001111101011101101011000101110
271877233 00010000001101001000010001110001
280367596 00010000101101100001000111101100
288619473 00010001001100111111101111010001
296650738 00010001101011101000011111110010
304373523 00010010001001000101111100010011
311758742 00010010100101010000111110010110
318832909 00010011000000010000000100001101
325561318 00010011011001111010101111100110
331919284 00010011110010001010111110110100
337875710 00010100001000111001001011111110
343410202 00010100011110000000011000011010
348496458 00010100110001011010001001001010
353119409 00010101000011000010110010110001
356255820 00010101001111000000100001001100
358222297 00010101010110100000100111011001
360957886 00010101100000111100011110111110
363320472 00010101101001111101010010011000
364774627 00010101101111100000010011100011
366748650 00010101110111000010001111101010
368339880 00010101111101000110101110101000
369281672 00010110000000101100101010001000
370483150 00010110000101010001111111001110
371552533 00010110001001010111000100010101
371959952 00010110001010111010100010010000
372095202 00010110001011011011100011100010
