0 0000000000000000000000000000000000000000000000000000000000000000
20497527706776616 0000000001001000110100100110010010010001101111000111010000101000
52118238751177744 0000000010111001001010010100001100010011000101010011110000010000
102000544464710350 0000000101101010011000001111010001101011101101110010101011010000
151272897411467460 0000001000011001011011011110011000010010010110101100100011000000
190603378698698300 0000001010100101001010001100001101011000010100110011111001000000
235611861964360670 0000001101000101000011111011110101111001010000010000101111100000
286470379712084510 0000001111111001101111110100101011100101011010001111101000100000
341887369739014850 0000010010111110101000001100000001011010011111001001001011000000
401419478936343360 0000010110010010001000001110001110100111111011000101001101000000
464850085131794500 0000011001110011011110101011000010000110000101110011100001000000
531775787708575420 0000011101100001001111110100001011101110100001011110111011000000
601504640962541820 0000100001011000111110010100100010110111010100100011100100000000
673328469700484100 0000100101011000001001001010110011111101101001111001110000000000
750182966760273790 0000101001101001001011110110111100000010010010110111011110000000
831294830245856130 0000101110001001010110100011111001100100011011000100001110000000
912816042393756420 0000110010101010111110010101101010110000001010000110001100000000
993598524442874370 0000110111001001111110001001011111111010110001010001001000000000
1072611044390899200 0000111011100010101011100000111111011011000101001000111000000000
1149324431178091600 0000111111110011001110000111101100010100000011000100110010000000
1222467324961879800 0001000011110111000100111000111000011101110111111111011100000000
1291179840364933100 0001000111101011001100010011100101001110000110001111000000000000
1354817832641468900 0001001011001101010001111010010000000001111101011001101000000000
1412591146738611200 0001001110011010100010000010100111101010001101110111010000000000
1463733405978998300 0001010001010000001110011100011100001101010000000011011000000000
1507402830922350300 0001010011101011010111101110001101011110100010110111111100000000
1543079792034608400 0001010101101010000111101110010100110000010011100111010100000000
1570176668306004000 0001010111001010011000110101110001010100111111000101100000000000
1583893716965192400 0001010111111011000111101111000110011001101011101111001100000000
1590784978591808300 0001011000010011100110101000001001111010111111011111101100000000
1595377942830036200 0001011000100011111010111100100101001100111000001011010100000000
1597699471427982300 0001011000101100001010110011010001001100010010110101010000000000
