0 0000000000000000
46 0000000000101110
63 0000000000111111
84 0000000001010100
108 0000000001101100
135 0000000010000111
167 0000000010100111
203 0000000011001011
242 0000000011110010
286 0000000100011110
335 0000000101001111
388 0000000110000100
430 0000000110101110
459 0000000111001011
490 0000000111101010
522 0000001000001010
555 0000001000101011
589 0000001001001101
624 0000001001110000
659 0000001010010011
696 0000001010111000
734 0000001011011110
774 0000001100000110
816 0000001100110000
859 0000001101011011
903 0000001110000111
948 0000001110110100
995 0000001111100011
1042 0000010000010010
1090 0000010001000010
1140 0000010001110100
1190 0000010010100110
1241 0000010011011001
1293 0000010100001101
1345 0000010101000001
1399 0000010101110111
1454 0000010110101110
1509 0000010111100101
1565 0000011000011101
1622 0000011001010110
1680 0000011010010000
1739 0000011011001011
1799 0000011100000111
1859 0000011101000011
1920 0000011110000000
1981 0000011110111101
2043 0000011111111011
2106 0000100000111010
2169 0000100001111001
2232 0000100010111000
2295 0000100011110111
2359 0000100100110111
2424 0000100101111000
2489 0000100110111001
2557 0000100111111101
2629 0000101001000101
2701 0000101010001101
2773 0000101011010101
2844 0000101100011100
2916 0000101101100100
2988 0000101110101100
3060 0000101111110100
3133 0000110000111101
3205 0000110010000101
3278 0000110011001110
3350 0000110100010110
3422 0000110101011110
3494 0000110110100110
3565 0000110111101101
3635 0000111000110011
3705 0000111001111001
3774 0000111010111110
3844 0000111100000100
3913 0000111101001001
3981 0000111110001101
4048 0000111111010000
4115 0001000000010011
4181 0001000001010101
4246 0001000010010110
4310 0001000011010110
4373 0001000100010101
4435 0001000101010011
4496 0001000110010000
4556 0001000111001100
4615 0001001000000111
4673 0001001001000001
4729 0001001001111001
4784 0001001010110000
4838 0001001011100110
4891 0001001100011011
4943 0001001101001111
4992 0001001110000000
5041 0001001110110001
5088 0001001111100000
5133 0001010000001101
5177 0001010000111001
5219 0001010001100011
5260 0001010010001100
5299 0001010010110011
5336 0001010011011000
5362 0001010011110010
5380 0001010100000100
5405 0001010100011101
5429 0001010100110101
5444 0001010101000100
5466 0001010101011010
5494 0001010101110110
5520 0001010110010000
5538 0001010110100010
5550 0001010110101110
5561 0001010110111001
5571 0001010111000011
5582 0001010111001110
5591 0001010111010111
5605 0001010111100101
5617 0001010111110001
5624 0001010111111000
5632 0001011000000000
5638 0001011000000110
5644 0001011000001100
5650 0001011000010010
5658 0001011000011010
5664 0001011000100000
5667 0001011000100011
5672 0001011000101000
5675 0001011000101011
5677 0001011000101101
5678 0001011000101110
