0 000000000000000000000000000000000000000000000000
231796959482 000000000011010111111000001011001110100011111010
408791617343 000000000101111100101101111000010000111100111111
648119375658 000000001001011011100110111011001101011100101010
953982096513 000000001101111000011101110000111001010010000001
1332288616115 000000010011011000110010100101101111011010110011
1662689770637 000000011000001100100000000010000111110010001101
1908165860666 000000011011110001000111100011000101110100111010
2172440934841 000000011111100111001111100100011111100110111001
2454780622359 000000100011101110001100010100111011011000010111
2754407204763 000000101000000101001111011101101000011110011011
3071653290600 000000101100101100101100110011011010001001101000
3414220291754 000000110001101011101111011000110011111010101010
3783371045967 000000110111000011100010011111001011110001001111
4171884352220 000000111100101101010111101011110101001011011100
4577969881956 000001000010100111100100010001001100001101100100
5001411326803 000001001000110001111011010110000111001101010011
5440020291314 000001001111001010011010011110100001111011110010
5893788284963 000001010101110001000001001010000011100000100011
6362589055227 000001011100100101100111110111000100100011111011
6844547110597 000001100011100110011110110011001001011011000101
7342558368425 000001101010110110010010100101010101001010101001
7854861491976 000001110010010011011010001110101001111100001000
8376916955034 000001111001111001100111001010001100111110011010
8909431178225 000010000001101001100011011110110000001111110001
9450141146485 000010001001100001001000010011100101110101110101
9997030096248 000010010001011110011101011011010111110101111000
10551037647341 000010011001100010011010110110011101100111101101
11138374611401 000010100010000101011010110111001011000111001001
11754084673663 000010101011000010110110000010101010100001111111
12369819950947 000010110100000000010010101110010101111101100011
12990121865127 000010111101000001111111100110010110111110100111
13612335196957 000011000110000101011110011001110110101100011101
14234200654870 000011001111001000101000011110010100010000010110
14852933578614 000011011000001000110111110101000110111101110110
15462178481930 000011100001000000010001101001111110011100001010
16063415671622 000011101001110000001110001011110101101101000110
16658020534588 000011110010011001111111011001011000100100111100
17243592092699 000011111010111011010110001011100110110000011011
17817746318820 000100000011010010000100011100001010010111100100
18374170766903 000100001011011000010001111010111110111000110111
18914965788453 000100010011001111111011110100010001011100100101
19441302795366 000100011010111010000111111100100111010001100110
19947423200488 000100100010010001011111000100101111010011101000
20431420899397 000100101001010100001111100101011100000001000101
20895033498213 000100110000000100000001000011001001101001100101
21335986550106 000100110110011110101011111001100011010101011010
21752662220445 000100111100100010101111101101000101111010011101
22143022514569 000101000010001110010010111111011100000110001001
22505731012163 000101000111100000000110000110100011011001000011
22839063854431 000101001100010110100010010010011011110101011111
23142033599188 000101010000110000101100101100010010101011010100
23347581413727 000101010011110000001000010010111110100101011111
23476456434737 000101010101101000001001110110001010110000110001
23655735989924 000101011000001111000111101111011001011010100100
23810570439548 000101011010011111010100100101111100101101111100
23905869923133 000101011011111000000100111000101000001100111101
24035239546768 000101011101110000100011111010100100111110010000
24139522378285 000101011111010001101011101010000000101000101101
24201243658622 000101100000001011001010100010000000100101111110
24279983706553 000101100001010100011111110011011101000110111001
24350066779036 000101100010010101110001000101001010001110011100
24376767410487 000101100010101110101000100011111111000100110111
24385631189114 000101100010110110111000111000100111100001111010
