0 0000000000000000
73 0000000001001001
185 0000000010111001
362 0000000101101010
537 0000001000011001
677 0000001010100101
837 0000001101000101
1018 0000001111111010
1215 0000010010111111
1426 0000010110010010
1651 0000011001110011
1889 0000011101100001
2137 0000100001011001
2392 0000100101011000
2665 0000101001101001
2953 0000101110001001
3243 0000110010101011
3530 0000110111001010
3811 0000111011100011
4083 0000111111110011
4343 0001000011110111
4587 0001000111101011
4813 0001001011001101
5019 0001001110011011
5200 0001010001010000
5355 0001010011101011
5482 0001010101101010
5578 0001010111001010
5627 0001010111111011
5652 0001011000010100
5668 0001011000100100
5676 0001011000101100
