0 000000000000000000000000000000000000000000000000
196909904498 000000000010110111011000101111101011001001110010
270647146786 000000000011111100000011110100111011100100100010
358912633980 000000000101001110010000110111000010110001111100
462361292934 000000000110101110100110111000010111000010000110
581847355170 000000001000011101111000110011100000111100100010
717805114966 000000001010011100100000100001001101011001010110
870230137577 000000001100101010011101110000100001101011101001
1040036085581 000000001111001000100110111110110011111101001101
1229125202925 000000010001111000101101100100100011001111101101
1437576877132 000000010100111010110110010000100101010001001100
1664322568642 000000011000001110000001010110110000000111000010
1845751893086 000000011010110110111111011000101100110001011110
1973145074885 000000011100101101101000100111000111110011000101
2105343182679 000000011110101000110000001110111000011101010111
2242173401959 000000100000101000001011111100101111101101100111
2383429695480 000000100010101011101111011110101111011111111000
2528872813684 000000100100110011001100100100001101010001110100
2678230622014 000000100110111110010010111111000001111100111110
2832342011529 000000101001001101110100101111010100111010001001
2990999016034 000000101011100001100101011011110001001001100010
3154056789654 000000101101111001011100011011110011111010010110
3325221510918 000000110000011000110110101001011001111100000110
3504711811400 000000110011000000000001000110100100000101001000
3690042724234 000000110101101100100111101011111000111110001010
3879615478088 000000111000011101001011000110100011100101001000
4073186583682 000000111011010001011100110101101110010010000010
4272029166332 000000111110001010101000110001111110101011111100
4475997289866 000001000001001000100110001110100111110110001010
4683132594858 000001000100001001100000011101000110101010101010
4894966850375 000001000111001110110010110000101010001101000111
5111166296610 000001001010011000001001010000000110001000100010
5329634499539 000001001101100011100110111110001001101111010011
5551925847912 000001010000110010101000100100010110011101101000
5777780369252 000001010100000100111110100010111110011101100100
6009135592393 000001010111011100011100011001000111001111001001
6243554252244 000001011010110110110000110101010101010111010100
6480877487947 000001011110010011110010011001101000011101001011
6723062063711 000001100001110101010101101110011110001001011111
6967565798096 000001100101011001000011010010001100101011010000
7216610107412 000001101001000000111111011110110110000000010100
7469966652429 000001101100101100111100101101010111010000001101
7724851778874 000001110000011010010101000010111101010100111010
7983661701559 000001110100001011010111010100011101100110110111
8246128498326 000001110111111111110011100011110101011010010110
8509237231443 000001111011110100110110000011111111111101010011
8775560029949 000001111111101100111000001000110110011011111101
9044795486326 000010000011100111100111110100100111000001110110
9313712877355 000010000111100010000100100011000010111100101011
9585059314334 000010001011011110110010000011100011101010011110
9858507658215 000010001111011101011100110110001101001111100111
10133910414372 000010010011011101111100001000010110010000100100
10410924331802 000010010111011111111011011100100101001100011010
10689392646004 000010011011100011010001011100111001011101110100
10982752952730 000010011111110100011111000101101010000110011010
11291070745741 000010100100010011101000010000101100110010001101
11600760770240 000010101000110100000011001110011000111011000000
11907996054986 000010101101010010001011110111111111010111001010
12215964620157 000010110001110001000000001110110101010101111101
12524227058886 000010110110010000000110000110101101110011000110
12832568905157 000010111010101111010000101101100000110111000101
13144333897555 000010111111010001100111010110100100111101010011
13455472542952 000011000011110011011000101010010100010011101000
13765764154669 000011001000010100010111011110111000010100101101
14078641838031 000011001100110111110000011100100001011111001111
14389930727938 000011010001011001101010101101011001101000000010
14699411890167 000011010101111001111001001110010101111111110111
15006624624023 000011011010011000000000100001111010110110010111
15311362377423 000011011110110011110100010100001100011011001111
15613176898433 000011100011001100111001110111001110001110000001
15911878363582 000011100111100011000101110110111000100110111110
16211037250526 000011101011111001101101000111011110001111011110
16510359389411 000011110000010000011110000110110100010011100011
16805539096016 000011110100100011011000001100000010010111010000
17096411643030 000011111000110010010001100010101111110010010110
17386546859243 000011111101000000011110111100110000110011101011
17675630549996 000100000001001101101101101011100001101111101100
17959394957616 000100000101010101111111010110110101100100110000
18237714322805 000100001001011001001100011110111101010101110101
18510215795121 000100001101010110111110110101100101000110110001
18780666552590 000100010001010010110110111101010110000100001110
19048485541089 000100010101001100010010001101101101010011100001
19309840162348 000100011000111111101100001010011101111000101100
19568142218151 000100011100110000010000001010100111001110100111
19823074902890 000100100000011101101011010101101000001101101010
20070688088201 000100100100000100010010001110111110000010001001
20310969917693 000100100111100100000100001001011010000011111101
20547170397436 000100101011000000000010110010101110110011111100
20778989681783 000100101110010111111100010011000111110001110111
21006127294861 000100110001101011011110110000010110100110001101
21228282860008 000100110100111010011000010000100101000111101000
21441938455060 000100111000000001010111000111111111101000010100
21650319263447 000100111011000011011011100101101100011011010111
21852866753101 000100111110000000000100010111000011001001001101
22046619110299 000101000000110100100000111001101000101110011011
22234310181492 000101000011100011010100001010010000001001110100
22415680604146 000101000110001100001110101011100000011111110010
22590476064919 000101001000101111000001010011010001100010010111
22758448033756 000101001011001011011101001101011110111111011100
22916901122136 000101001101011111000001110000000011000001011000
23030950208961 000101001111001001001111100110110010010111000001
23105937645932 000101010000001111000101001101001010000101101100
23212496501766 000101010001110010010100100110111011110000000110
23315424444443 000101010011010010001011100101111000000000011011
23382792792974 000101010100010000111011000011101110101110001110
23478089232741 000101010101101001101011001010110011000101100101
23597339329051 000101010111011000101111000001110100001000011011
23708764796542 000101011001000000100000100000001111011001111110
23786266493031 000101011010001000101011111101110000000001100111
23835961567836 000101011010110110111110000001011010101001011100
23883612697861 000101011011100011010110010000000011010100000101
23929202255173 000101011100001101110011100110011010010101000101
23972713318187 000101011100110110010101000011111100011100101011
24014129685412 000101011101011100111001101010110110001110100100
24071900472951 000101011110010010101101000100111010011001110111
24123532433764 000101011111000010110010100101001101100101100100
24156557730781 000101011111100001100011000010101110001111011101
24187419322248 000101011111111110010010100010010110011110001000
24216105535600 000101100000011001000000010111100100100001110000
24242605498330 000101100000110001101011111000111001111111011010
24266909147098 000101100001001000010100011111111101111111011010
24299377890683 000101100001100110100011110010011001010101111011
24325515194540 000101100001111110111001101100010011000010101100
24341088870564 000101100010001101011001111101001010000010100100
24360685972878 000101100010011111101010000010001010110110001110
24373899249868 000101100010101011111101100110110100100011001100
24380650687803 000101100010110010010000000001100000110100111011
24387263987118 000101100010111000011010001101001111110110101110
