0 000000000000
1 000000000001
2 000000000010
4 000000000100
6 000000000110
8 000000001000
11 000000001011
14 000000001110
18 000000010010
22 000000010110
27 000000011011
32 000000100000
39 000000100111
46 000000101110
54 000000110110
64 000001000000
74 000001001010
86 000001010110
99 000001100011
113 000001110001
129 000010000001
146 000010010010
164 000010100100
184 000010111000
206 000011001110
229 000011100101
254 000011111110
280 000100011000
301 000100101101
316 000100111100
331 000101001011
347 000101011011
