0 00000000
0 00000000
0 00000000
0 00000000
0 00000000
0 00000000
0 00000000
0 00000000
0 00000000
0 00000000
0 00000000
0 00000000
0 00000000
0 00000000
0 00000000
0 00000000
0 00000000
0 00000000
0 00000000
1 00000001
1 00000001
1 00000001
1 00000001
1 00000001
1 00000001
1 00000001
1 00000001
1 00000001
1 00000001
1 00000001
1 00000001
1 00000001
1 00000001
1 00000001
1 00000001
1 00000001
1 00000001
1 00000001
2 00000010
2 00000010
2 00000010
2 00000010
2 00000010
2 00000010
2 00000010
2 00000010
2 00000010
2 00000010
2 00000010
3 00000011
3 00000011
3 00000011
3 00000011
3 00000011
3 00000011
3 00000011
3 00000011
4 00000100
4 00000100
4 00000100
4 00000100
4 00000100
4 00000100
5 00000101
5 00000101
5 00000101
5 00000101
5 00000101
5 00000101
6 00000110
6 00000110
6 00000110
6 00000110
7 00000111
7 00000111
7 00000111
7 00000111
7 00000111
8 00001000
8 00001000
8 00001000
8 00001000
9 00001001
9 00001001
9 00001001
10 00001010
10 00001010
10 00001010
10 00001010
11 00001011
11 00001011
11 00001011
12 00001100
12 00001100
12 00001100
13 00001101
13 00001101
13 00001101
14 00001110
14 00001110
14 00001110
15 00001111
15 00001111
15 00001111
15 00001111
16 00010000
16 00010000
16 00010000
17 00010001
17 00010001
17 00010001
17 00010001
18 00010010
18 00010010
18 00010010
18 00010010
19 00010011
19 00010011
19 00010011
19 00010011
20 00010100
20 00010100
20 00010100
21 00010101
21 00010101
21 00010101
22 00010110
22 00010110
