0 0000000000000000
7 0000000000000111
13 0000000000001101
22 0000000000010110
35 0000000000100011
52 0000000000110100
67 0000000001000011
79 0000000001001111
93 0000000001011101
108 0000000001101100
125 0000000001111101
143 0000000010001111
164 0000000010100100
187 0000000010111011
212 0000000011010100
239 0000000011101111
268 0000000100001100
300 0000000100101100
334 0000000101001110
370 0000000101110010
409 0000000110011001
451 0000000111000011
496 0000000111110000
543 0000001000011111
593 0000001001010001
647 0000001010000111
703 0000001010111111
763 0000001011111011
829 0000001100111101
901 0000001110000101
977 0000001111010001
1058 0000010000100010
1144 0000010001111000
1234 0000010011010010
1329 0000010100110001
1427 0000010110010011
1531 0000010111111011
1640 0000011001101000
1754 0000011011011010
1873 0000011101010001
1997 0000011111001101
2127 0000100001001111
2262 0000100011010110
2403 0000100101100011
2550 0000100111110110
2702 0000101010001110
2861 0000101100101101
3027 0000101111010011
3199 0000110001111111
3378 0000110100110010
3563 0000110111101011
3755 0000111010101011
3904 0000111101000000
4006 0000111110100110
4161 0001000001000001
4319 0001000011011111
4428 0001000101001100
4593 0001000111110001
4762 0001001010011010
4878 0001001100001110
5056 0001001111000000
5297 0001010010110001
5484 0001010101101100
5611 0001010111101011
