0 000000000000
0 000000000000
1 000000000001
1 000000000001
1 000000000001
1 000000000001
2 000000000010
2 000000000010
2 000000000010
3 000000000011
4 000000000100
4 000000000100
5 000000000101
5 000000000101
6 000000000110
6 000000000110
7 000000000111
7 000000000111
8 000000001000
8 000000001000
9 000000001001
9 000000001001
10 000000001010
11 000000001011
11 000000001011
12 000000001100
13 000000001101
14 000000001110
14 000000001110
15 000000001111
16 000000010000
17 000000010001
18 000000010010
19 000000010011
20 000000010100
21 000000010101
23 000000010111
24 000000011000
25 000000011001
26 000000011010
27 000000011011
29 000000011101
30 000000011110
32 000000100000
33 000000100001
35 000000100011
36 000000100100
38 000000100110
40 000000101000
41 000000101001
43 000000101011
45 000000101101
47 000000101111
49 000000110001
51 000000110011
53 000000110101
55 000000110111
57 000000111001
60 000000111100
62 000000111110
65 000001000001
67 000001000011
70 000001000110
73 000001001001
76 000001001100
79 000001001111
82 000001010010
85 000001010101
88 000001011000
91 000001011011
94 000001011110
97 000001100001
101 000001100101
104 000001101000
108 000001101100
111 000001101111
115 000001110011
119 000001110111
123 000001111011
127 000001111111
131 000010000011
135 000010000111
139 000010001011
144 000010010000
148 000010010100
152 000010011000
157 000010011101
162 000010100010
166 000010100110
171 000010101011
176 000010110000
181 000010110101
187 000010111011
192 000011000000
197 000011000101
203 000011001011
208 000011010000
214 000011010110
220 000011011100
226 000011100010
230 000011100110
233 000011101001
238 000011101110
242 000011110010
246 000011110110
250 000011111010
257 000100000001
263 000100000111
268 000100001100
272 000100010000
275 000100010011
278 000100010110
282 000100011010
285 000100011101
291 000100100011
296 000100101000
299 000100101011
303 000100101111
307 000100110011
310 000100110110
314 000100111010
320 000101000000
325 000101000101
329 000101001001
335 000101001111
341 000101010101
345 000101011001
351 000101011111
