0 0000000000000000
6 0000000000000110
8 0000000000001000
11 0000000000001011
15 0000000000001111
19 0000000000010011
25 0000000000011001
31 0000000000011111
38 0000000000100110
47 0000000000101111
56 0000000000111000
67 0000000001000011
76 0000000001001100
83 0000000001010011
89 0000000001011001
97 0000000001100001
104 0000000001101000
112 0000000001110000
120 0000000001111000
129 0000000010000001
138 0000000010001010
148 0000000010010100
158 0000000010011110
169 0000000010101001
180 0000000010110100
192 0000000011000000
205 0000000011001101
218 0000000011011010
232 0000000011101000
246 0000000011110110
260 0000000100000100
276 0000000100010100
291 0000000100100011
308 0000000100110100
325 0000000101000101
342 0000000101010110
360 0000000101101000
379 0000000101111011
399 0000000110001111
419 0000000110100011
440 0000000110111000
461 0000000111001101
484 0000000111100100
507 0000000111111011
531 0000001000010011
555 0000001000101011
580 0000001001000100
606 0000001001011110
633 0000001001111001
660 0000001010010100
688 0000001010110000
717 0000001011001101
747 0000001011101011
778 0000001100001010
811 0000001100101011
846 0000001101001110
883 0000001101110011
920 0000001110011000
958 0000001110111110
997 0000001111100101
1037 0000010000001101
1079 0000010000110111
1121 0000010001100001
1165 0000010010001101
1211 0000010010111011
1257 0000010011101001
1304 0000010100011000
1353 0000010101001001
1402 0000010101111010
1453 0000010110101101
1504 0000010111100000
1557 0000011000010101
1612 0000011001001100
1667 0000011010000011
1724 0000011010111100
1783 0000011011110111
1843 0000011100110011
1904 0000011101110000
1966 0000011110101110
2029 0000011111101101
2093 0000100000101101
2160 0000100001110000
2227 0000100010110011
2296 0000100011111000
2367 0000100100111111
2439 0000100110000111
2512 0000100111010000
2586 0000101000011010
2663 0000101001100111
2741 0000101010110101
2821 0000101100000101
2902 0000101101010110
2985 0000101110101001
3070 0000101111111110
3155 0000110001010011
3242 0000110010101010
3332 0000110100000100
3423 0000110101011111
3516 0000110110111100
3610 0000111000011010
3682 0000111001100010
3731 0000111010010011
3804 0000111011011100
3879 0000111100100111
3930 0000111101011010
4006 0000111110100110
4108 0001000000001100
4213 0001000001110101
4292 0001000011000100
4346 0001000011111010
4400 0001000100110000
4455 0001000101100111
4510 0001000110011110
4566 0001000111010110
4649 0001001000101001
4733 0001001001111101
4790 0001001010110110
4849 0001001011110001
4907 0001001100101011
4967 0001001101100111
5027 0001001110100011
5116 0001001111111100
5205 0001010001010101
5267 0001010010010011
5359 0001010011101111
5452 0001010101001100
5516 0001010110001100
5611 0001010111101011
