0 000000000000000000000000
1433 000000000000010110011001
2053 000000000000100000000101
2833 000000000000101100010001
3791 000000000000111011001111
4947 000000000001001101010011
6320 000000000001100010110000
7924 000000000001111011110100
9784 000000000010011000111000
11938 000000000010111010100010
14405 000000000011100001000101
17192 000000000100001100101000
19473 000000000100110000010001
21128 000000000101001010001000
22877 000000000101100101011101
24721 000000000110000010010001
26660 000000000110100000100100
28693 000000000111000000010101
30818 000000000111100001100010
33051 000000001000000100011011
35391 000000001000101000111111
37839 000000001001001111001111
40457 000000001001111000001001
43253 000000001010100011110101
46193 000000001011010001110001
49258 000000001100000001101010
52446 000000001100110011011110
55783 000000001101100111100111
59271 000000001110011110000111
62880 000000001111010110100000
66641 000000010000010001010001
70553 000000010001001110011001
74581 000000010010001101010101
78757 000000010011001110100101
83081 000000010100010010001001
87595 000000010101011000101011
92257 000000010110100001100001
97069 000000010111101100101101
102075 000000011000111010111011
107228 000000011010001011011100
112581 000000011011011111000101
118134 000000011100110101110110
123833 000000011110001110111001
129738 000000011111101011001010
135847 000000100001001010100111
142097 000000100010101100010001
148555 000000100100010001001011
155219 000000100101111001010011
162014 000000100111100011011110
169016 000000101001010000111000
176221 000000101011000001011101
183634 000000101100110101010010
191252 000000101110101100010100
199078 000000110000100110100110
207511 000000110010101010010111
216585 000000110100111000001001
225925 000000110111001010000101
235424 000000111001011110100000
245185 000000111011110111000001
255205 000000111110010011100101
265487 000001000000110100001111
276156 000001000011011010111100
287089 000001000110000101110001
298287 000001001000110100101111
309892 000001001011101010000100
321762 000001001110100011100010
333900 000001010001100001001100
346297 000001010100100010111001
358954 000001010111101000101010
371860 000001011010110010010100
385017 000001011101111111111001
398596 000001100001010100000100
412608 000001100100101111000000
426869 000001101000001101110101
441376 000001101011110000100000
456325 000001101111011010000101
471725 000001110011001010101101
487367 000001110110111111000111
503247 000001111010110111001111
519350 000001111110110010110110
535912 000010000010110101101000
552929 000010000110111111100001
570170 000010001011001100111010
587877 000010001111100001100101
606059 000010010011111101101011
624450 000010011000011101000010
643044 000010011100111111100100
662110 000010100001101001011110
681654 000010100110011010110110
701685 000010101011010011110101
722208 000010110000010100100000
742916 000010110101011000000100
764123 000010111010100011011011
785823 000010111111110110011111
807696 000011000101001100010000
830066 000011001010101001110010
852938 000011010000001111001010
876319 000011010101111100011111
900213 000011011011110001110101
924248 000011100001101001011000
942661 000011100110001001000101
955253 000011101001001101110101
973855 000011101101110000011111
993042 000011110010011100010010
1006159 000011110101101001001111
1025530 000011111010010111111010
1051740 000100000000110001011100
1078463 000100000111010010111111
1098795 000100001100010000101011
1112544 000100001111100111100000
1126423 000100010011000000010111
1140432 000100010110011011010000
1154572 000100011001111000001100
1168843 000100011101010111001011
1190088 000100100010100011001000
1211526 000100100111110010000110
1226316 000100101011011001001100
1241239 000100101111000010010111
1256294 000100110010101101100110
1271482 000100110110011010111010
1286803 000100111010001010010011
1309594 000100111111101110011010
1332581 000101000101010101100101
1348428 000101001001001101001100
1371992 000101001110111101011000
1395753 000101010100110000101001
1412128 000101011000110000100000
1436468 000101011110101100110100
