0 00000000000000000000000000000000
366746 00000000000001011001100010011010
525610 00000000000010000000010100101010
725335 00000000000010110001000101010111
970480 00000000000011101100111011110000
1266544 00000000000100110101001101110000
1617975 00000000000110001011000000110111
2028565 00000000000111101111010000010101
2504637 00000000001001100011011110111101
3056067 00000000001011101010000111000011
3687590 00000000001110000100010010100110
4401133 00000000010000110010011111101101
4985154 00000000010011000001000101000010
5408803 00000000010100101000100000100011
5856603 00000000010110010101110101011011
6328670 00000000011000001001000101011110
6824976 00000000011010000010010000010000
7345339 00000000011100000001010010111011
7889414 00000000011110000110001000000110
8461024 00000000100000010001101011100000
9060064 00000000100010100011111011100000
9686891 00000000100100111100111101101011
10357007 00000000100111100000100100001111
11072641 00000000101010001111010010000001
11825482 00000000101101000111000101001010
12610007 00000000110000000110100111010111
13426243 00000000110011001101111001000011
14280518 00000000110110011110011101000110
15173419 00000000111001111000011100101011
16097286 00000000111101011010000000000110
17060204 00000001000001000101000101101100
18061491 00000001000100111001100010110011
19092620 00000001001000110101010010001100
20161725 00000001001100111010010010111101
21268660 00000001010001001000100010110100
22424412 00000001010101100010101101011100
23617893 00000001011010000110000101100101
24849756 00000001011110110010110101011100
26131252 00000001100011101011101100110100
27450393 00000001101000101101110000011001
28820658 00000001101101111100010010110010
30242364 00000001110011010111011000111100
31701363 00000001111000111011100101110011
33212856 00000001111110101100100110111000
34776892 00000010000100101010011100111100
36376934 00000010001010110001000101100110
38030055 00000010010001000100101011100111
39735995 00000010010111100101001010111011
41475622 00000010011110001101111000100110
43268021 00000010100101000011011110110101
45112600 00000010101100000101110100011000
47010367 00000010110011010101001000111111
48960527 00000010111010110001010000001111
50963967 00000011000010011010010111111111
53122716 00000011001010101001011010011100
55445678 00000011010011100000100010101110
57836880 00000011011100101000010101010000
60268513 00000011100101111001111111100001
62767477 00000011101111011100000101110101
65332543 00000011111001001110010100111111
67964622 00000100000011010000111011001110
70695920 00000100001101101011101111110000
73494674 00000100011000010111000010010010
76361593 00000100100011010010111101111001
79332298 00000100101110101000001111001010
82371090 00000100111010001110001000010010
85478443 00000101000110000100110000101011
88652064 00000101010010001011100100100000
91892205 00000101011110100010100111101101
95196265 00000101101011001001010001101001
98564266 00000101110111111111100010101010
102040478 00000110000101010000001110011110
105627648 00000110010010111100000000000000
109278339 00000110100000110111010010000011
112992240 00000110101111000001111111110000
116819152 00000110111101101000010011010000
120761674 00000111001100101010110101001010
124765935 00000111011011111100011011101111
128831258 00000111101011011100111100011010
132953634 00000111111011001011011000100010
137193495 00001000001011010110100000010111
141549850 00001000011011111110000100011010
145963582 00001000101100110011101000111110
150496594 00001000111110000110010101010010
155151066 00001001001111110110101011011010
159859137 00001001100001110100000111000001
164619352 00001001110011111110010001011000
169500166 00001010000110100101111000000110
174503504 00001010011001101011011001010000
179631261 00001010101101001111010010011101
184885304 00001011000001010010000000111000
190186440 00001011010101100000001111001000
195615561 00001011101010001101101101001001
201170561 00001011111111011001111010000001
206770133 00001100010100110000111111010101
212496837 00001100101010100111000111000101
218352165 00001101000000111100101000100101
224337563 00001101010111110001111010011011
230454431 00001101101111000111010010011111
236607428 00001110000110100101011111000100
241321111 00001110011000100100010010010111
244544650 00001110100100110111010010001010
249306784 00001110110111000001111010100000
254218805 00001111001001110001001000110101
257576765 00001111010110100100111100111101
262535625 00001111101001011111100111001001
269245379 00010000000011000101101111000011
276086426 00010000011101001011111010011010
281291443 00010000110001000010101010110011
284811183 00010000111110011101111110101111
288364209 00010001001100000001011010110001
291950615 00010001011001101101000000010111
295570488 00010001100111100000110000111000
299223912 00010001110101011100101101101000
304662491 00010010001010001100011111011011
310150628 00010010011111001000010111100100
313936904 00010010101101100100110000001000
317757089 00010010111100001001011010100001
321611241 00010011001010110110010111101001
325499418 00010011011001101011101000011010
329421671 00010011101000101001001101100111
335256126 00010011111110111001101000111110
341140788 00010100010101010110010100110100
345197634 00010100100100110100110001000010
351230071 00010100111011110101100001110111
357312891 00010101010011000010100101111011
361504801 00010101100011000010000000100001
367735766 00010101111010110011001111010110
