0 0000000000000000
11 0000000000001011
29 0000000000011101
64 0000000001000000
101 0000000001100101
134 0000000010000110
176 0000000010110000
226 0000000011100010
284 0000000100011100
352 0000000101100000
431 0000000110101111
520 0000001000001000
621 0000001001101101
734 0000001011011110
866 0000001101100010
1019 0000001111111011
1190 0000010010100110
1379 0000010101100011
1587 0000011000110011
1815 0000011100010111
2064 0000100000010000
2334 0000100100011110
2628 0000101001000100
2946 0000101110000010
3291 0000110011011011
3661 0000111001001101
4059 0000111111011011
4485 0001000110000101
4820 0001001011010100
5056 0001001111000000
5297 0001010010110001
5547 0001010110101011
