240 11110000
217 11011001
198 11000110
182 10110110
169 10101001
156 10011100
151 10010111
146 10010010
141 10001101
136 10001000
131 10000011
127 01111111
123 01111011
119 01110111
115 01110011
111 01101111
107 01101011
104 01101000
100 01100100
97 01100001
94 01011110
90 01011010
87 01010111
84 01010100
81 01010001
79 01001111
76 01001100
73 01001001
70 01000110
67 01000011
65 01000001
62 00111110
59 00111011
57 00111001
54 00110110
52 00110100
49 00110001
47 00101111
45 00101101
42 00101010
40 00101000
38 00100110
36 00100100
33 00100001
31 00011111
29 00011101
27 00011011
25 00011001
23 00010111
20 00010100
18 00010010
16 00010000
15 00001111
14 00001110
12 00001100
11 00001011
10 00001010
8 00001000
7 00000111
6 00000110
4 00000100
2 00000010
1 00000001
