3840 111100000000
3467 110110001011
3167 110001011111
2914 101101100010
2697 101010001001
2504 100111001000
2415 100101101111
2331 100100011011
2251 100011001011
2175 100001111111
2103 100000110111
2034 011111110010
1965 011110101101
1898 011101101010
1834 011100101010
1773 011011101101
1714 011010110010
1657 011001111001
1602 011001000010
1548 011000001100
1497 010111011001
1446 010110100110
1397 010101110101
1349 010101000101
1303 010100010111
1257 010011101001
1213 010010111101
1170 010010010010
1124 010001100100
1080 010000111000
1036 010000001100
993 001111100001
951 001110110111
910 001110001110
869 001101100101
830 001100111110
791 001100010111
753 001011110001
715 001011001011
677 001010100101
641 001010000001
605 001001011101
569 001000111001
534 001000010110
499 000111110011
464 000111010000
430 000110101110
395 000110001011
361 000101101001
328 000101001000
294 000100100110
261 000100000101
244 000011110100
228 000011100100
195 000011000011
179 000010110011
162 000010100010
130 000010000010
114 000001110010
97 000001100001
65 000001000001
33 000000100001
16 000000010000
