240 11110000
228 11100100
217 11011001
207 11001111
198 11000110
190 10111110
182 10110110
175 10101111
169 10101001
162 10100010
156 10011100
151 10010111
148 10010100
146 10010010
143 10001111
141 10001101
138 10001010
136 10001000
134 10000110
131 10000011
129 10000001
127 01111111
125 01111101
123 01111011
121 01111001
119 01110111
117 01110101
115 01110011
113 01110001
111 01101111
109 01101101
107 01101011
105 01101001
104 01101000
102 01100110
100 01100100
98 01100010
97 01100001
95 01011111
94 01011110
92 01011100
90 01011010
89 01011001
87 01010111
86 01010110
84 01010100
83 01010011
81 01010001
80 01010000
79 01001111
77 01001101
76 01001100
74 01001010
73 01001001
72 01001000
70 01000110
69 01000101
67 01000011
66 01000010
65 01000001
63 00111111
62 00111110
61 00111101
59 00111011
58 00111010
57 00111001
56 00111000
54 00110110
53 00110101
52 00110100
51 00110011
49 00110001
48 00110000
47 00101111
46 00101110
45 00101101
43 00101011
42 00101010
41 00101001
40 00101000
39 00100111
38 00100110
37 00100101
36 00100100
34 00100010
33 00100001
32 00100000
31 00011111
30 00011110
29 00011101
28 00011100
27 00011011
26 00011010
25 00011001
24 00011000
23 00010111
22 00010110
20 00010100
19 00010011
18 00010010
18 00010010
17 00010001
16 00010000
16 00010000
15 00001111
14 00001110
13 00001101
12 00001100
12 00001100
11 00001011
11 00001011
10 00001010
10 00001010
9 00001001
8 00001000
8 00001000
7 00000111
7 00000111
6 00000110
6 00000110
5 00000101
4 00000100
4 00000100
3 00000011
2 00000010
2 00000010
1 00000001
