3840 111100000000
3642 111000111010
3467 110110001011
3310 110011101110
3167 110001011111
3035 101111011011
2914 101101100010
2802 101011110010
2697 101010001001
2597 101000100101
2504 100111001000
2415 100101101111
2373 100101000101
2331 100100011011
2291 100011110011
2251 100011001011
2213 100010100101
2175 100001111111
2139 100001011011
2103 100000110111
2068 100000010100
2034 011111110010
1999 011111001111
1965 011110101101
1931 011110001011
1898 011101101010
1866 011101001010
1834 011100101010
1803 011100001011
1773 011011101101
1743 011011001111
1714 011010110010
1685 011010010101
1657 011001111001
1629 011001011101
1602 011001000010
1575 011000100111
1548 011000001100
1522 010111110010
1497 010111011001
1471 010110111111
1446 010110100110
1421 010110001101
1397 010101110101
1373 010101011101
1349 010101000101
1326 010100101110
1303 010100010111
1280 010100000000
1257 010011101001
1235 010011010011
1213 010010111101
1192 010010101000
1170 010010010010
1147 010001111011
1124 010001100100
1102 010001001110
1080 010000111000
1058 010000100010
1036 010000001100
1015 001111110111
993 001111100001
972 001111001100
951 001110110111
930 001110100010
910 001110001110
889 001101111001
869 001101100101
849 001101010001
830 001100111110
810 001100101010
791 001100010111
772 001100000100
753 001011110001
734 001011011110
715 001011001011
696 001010111000
677 001010100101
659 001010010011
641 001010000001
623 001001101111
605 001001011101
587 001001001011
569 001000111001
551 001000100111
534 001000010110
516 001000000100
499 000111110011
481 000111100001
464 000111010000
446 000110111110
430 000110101110
412 000110011100
395 000110001011
378 000101111010
361 000101101001
345 000101011001
328 000101001000
311 000100110111
294 000100100110
286 000100011110
278 000100010110
261 000100000101
252 000011111100
244 000011110100
228 000011100100
211 000011010011
195 000011000011
187 000010111011
179 000010110011
170 000010101010
162 000010100010
154 000010011010
146 000010010010
130 000010000010
122 000001111010
114 000001110010
105 000001101001
97 000001100001
89 000001011001
81 000001010001
65 000001000001
57 000000111001
49 000000110001
33 000000100001
25 000000011001
16 000000010000
