4026531840 11110000000000000000000000000000
3320546591 11000101111010111000010100011111
2828235964 10101000100100110111010010111100
2444373262 10010001101100100010110100001110
2281164505 10000111111101111100111011011001
2132988133 01111111001000101101000011100101
1990717342 01110110101001111110111110011110
1859183968 01101110110100001110010101100000
1737314271 01100111100011010100111111011111
1623497638 01100000110001001001101110100110
1516123455 01011010010111100011010100111111
1414654853 01010100010100011110101110000101
1318554960 01001110100101111000110101010000
1227286905 01001001001001101110100101111001
1132260753 01000011011111001110110110010001
1041529569 00111110000101000111101011100001
954019611 00111000110111010010111100011011
870267748 00110011110111110011101101100100
789200241 00101111000010100011110101110001
710280217 00101010010101100000010000011001
634044547 00100101110010101100000010000011
559419490 00100001010110000001000001100010
486405046 00011100111111011111001110110110
414464344 00011000101101000011100101011000
343597384 00010100011110101110000101001000
273804165 00010000010100011110101110000101
204547817 00001100001100010010011011101001
136365212 00001000001000001100010010011100
102005473 00000110000101000111101011100001
68182606 00000100000100000110001001001110
34359738 00000010000011000100100110111010
