61440 1111000000000000
50668 1100010111101100
43155 1010100010010011
37298 1001000110110010
34808 1000011111111000
32547 0111111100100011
30376 0111011010101000
28369 0110111011010001
26509 0110011110001101
24773 0110000011000101
23134 0101101001011110
21586 0101010001010010
20120 0100111010011000
18727 0100100100100111
17277 0100001101111101
15892 0011111000010100
14557 0011100011011101
13279 0011001111011111
12042 0010111100001010
10838 0010101001010110
9675 0010010111001011
8536 0010000101011000
7422 0001110011111110
6324 0001100010110100
5243 0001010001111011
4178 0001000001010010
3121 0000110000110001
2081 0000100000100001
1556 0000011000010100
1040 0000010000010000
524 0000001000001100
