15728640 111100000000000000000000
12970885 110001011110101110000101
11047797 101010001001001101110101
9548333 100100011011001000101101
8910799 100001111111011111001111
8331985 011111110010001011010001
7776240 011101101010011111110000
7262437 011011101101000011100101
6786384 011001111000110101010000
6341788 011000001100010010011100
5922357 010110100101111000110101
5525996 010101000101000111101100
5150605 010011101001011110001101
4794089 010010010010011011101001
4422894 010000110111110011101110
4068475 001111100001010001111011
3726639 001110001101110100101111
3399483 001100111101111100111011
3082813 001011110000101000111101
2774532 001010100101011000000100
2476737 001001011100101011000001
2185232 001000010101100000010000
1900020 000111001111110111110100
1619001 000110001011010000111001
1342177 000101000111101011100001
1069548 000100000101000111101100
799015 000011000011000100100111
532677 000010000010000011000101
398459 000001100001010001111011
266338 000001000001000001100010
134218 000000100000110001001010
