15728640 111100000000000000000000
14201913 110110001011010000111001
12970885 110001011110101110000101
11936989 101101100010010011011101
11047797 101010001001001101110101
10255073 100111000111101011100001
9892266 100101101111000110101010
9548333 100100011011001000101101
9221177 100011001011010000111001
8910799 100001111111011111001111
8615100 100000110111010010111100
8331985 011111110010001011010001
8048869 011110101101000011100101
7776240 011101101010011111110000
7514096 011100101010011111110000
7262437 011011101101000011100101
7019168 011010110001101010100000
6786384 011001111000110101010000
6559891 011001000001100010010011
6341788 011000001100010010011100
6129975 010111011000100100110111
5922357 010110100101111000110101
5721031 010101110100101111000111
5525996 010101000101000111101100
5335155 010100010110100001110011
5150605 010011101001011110001101
4970250 010010111101011100001010
4794089 010010010010011011101001
4605346 010001100100010110100010
4422894 010000110111110011101110
4244636 010000001100010010011100
4068475 001111100001010001111011
3896508 001110110111010010111100
3726639 001110001101110100101111
3560964 001101100101011000000100
3399483 001100111101111100111011
3240100 001100010111000010100100
3082813 001011110000101000111101
2927624 001011001010110000001000
2774532 001010100101011000000100
2625634 001010000001000001100010
2476737 001001011100101011000001
2329936 001000111000110101010000
2185232 001000010101100000010000
2042626 000111110010101100000010
1900020 000111001111110111110100
1759511 000110101101100100010111
1619001 000110001011010000111001
1480589 000101101001011110001101
1342177 000101000111101011100001
1205862 000100100110011001100110
1069548 000100000101000111101100
1000342 000011110100001110010110
933233 000011100011110101110001
799015 000011000011000100100111
731906 000010110010101100000010
664797 000010100010010011011101
532677 000010000010000011000101
465568 000001110001101010100000
398459 000001100001010001111011
266338 000001000001000001100010
134218 000000100000110001001010
67109 000000010000011000100101
