61440 1111000000000000
55476 1101100010110100
50668 1100010111101100
46629 1011011000100101
43155 1010100010010011
40059 1001110001111011
38642 1001011011110010
37298 1001000110110010
36020 1000110010110100
34808 1000011111111000
33653 1000001101110101
32547 0111111100100011
31441 0111101011010001
30376 0111011010101000
29352 0111001010101000
28369 0110111011010001
27419 0110101100011011
26509 0110011110001101
25625 0110010000011001
24773 0110000011000101
23945 0101110110001001
23134 0101101001011110
22348 0101011101001100
21586 0101010001010010
20840 0101000101101000
20120 0100111010011000
19415 0100101111010111
18727 0100100100100111
17990 0100011001000110
17277 0100001101111101
16581 0100000011000101
15892 0011111000010100
15221 0011101101110101
14557 0011100011011101
13910 0011011001010110
13279 0011001111011111
12657 0011000101110001
12042 0010111100001010
11436 0010110010101100
10838 0010101001010110
10256 0010100000010000
9675 0010010111001011
9101 0010001110001101
8536 0010000101011000
7979 0001111100101011
7422 0001110011111110
6873 0001101011011001
6324 0001100010110100
5784 0001011010011000
5243 0001010001111011
4710 0001001001100110
4178 0001000001010010
3908 0000111101000100
3645 0000111000111101
3121 0000110000110001
2859 0000101100101011
2597 0000101000100101
2081 0000100000100001
1819 0000011100011011
1556 0000011000010100
1040 0000010000010000
524 0000001000001100
262 0000000100000110
