4026531840 11110000000000000000000000000000
3819299668 11100011101001011110001101010100
3635689816 11011000101101000011100101011000
3470333575 11001110110110010001011010000111
3320546591 11000101111010111000010100011111
3182570766 10111101101100100010110100001110
3055869231 10110110001001001101110100101111
2938294501 10101111001000101101000011100101
2828235964 10101000100100110111010010111100
2723546137 10100010010101100000010000011001
2625298760 10011100011110101110000101001000
2532420092 10010110111100011010100111111100
2487859806 10010100010010011011101001011110
2444373262 10010001101100100010110100001110
2401960460 10001111001010110000001000001100
2360621400 10001100101101000011100101011000
2320356082 10001010010011011101001011110010
2281164505 10000111111101111100111011011001
2243046670 10000101101100100010110100001110
2205465706 10000011011101001011110001101010
2168958484 10000001010001111010111000010100
2132988133 01111111001000101101000011100101
2096480911 01111100111101011100001010001111
2060510560 01111010110100001110010101100000
2025077080 01111000101101000011100101011000
1990717342 01110110101001111110111110011110
1956894474 01110100101000111101011100001010
1923608478 01110010101001111110111110011110
1890859352 01110000101101000011100101011000
1859183968 01101110110100001110010101100000
1827508584 01101100111011011001000101101000
1796906942 01101011000110101001111110111110
1766842171 01101001010011111101111100111011
1737314271 01100111100011010100111111011111
1708323242 01100101110100101111000110101010
1679332213 01100100000110001001001101110101
1651414925 01100010011011101001011110001101
1623497638 01100000110001001001101110100110
1596117221 01011111001000101101000011100101
1569273676 01011101100010010011011101001100
1542430130 01011011111011111001110110110010
1516123455 01011010010111100011010100111111
1490353652 01011000110101001111110111110100
1464583848 01010111010010111100011010101000
1439350915 01010101110010101100000010000011
1414654853 01010100010100011110101110000101
1389958791 01010010110110010001011010000111
1365799600 01010001011010000111001010110000
1342177280 01010000000000000000000000000000
1318554960 01001110100101111000110101010000
1295469511 01001101001101110100101111000111
1272384061 01001011110101110000101000111101
1249835483 01001010011111101111100111011011
1227286905 01001001001001101110100101111001
1203127714 01000111101101100100010110100010
1178968523 01000110010001011010000111001011
1155346203 01000100110111010010111100011011
1132260753 01000011011111001110110110010001
1109175304 01000010000111001010110000001000
1086626726 01000000110001001001101110100110
1064078148 00111111011011001000101101000100
1041529569 00111110000101000111101011100001
1019517862 00111100110001001001101110100110
997506154 00111011011101001011110001101010
975494447 00111010001001001101110100101111
954019611 00111000110111010010111100011011
932544774 00110111100101011000000100000110
911606809 00110110010101100000010000011001
890668843 00110101000101101000011100101011
870267748 00110011110111110011101101100100
849866654 00110010101001111110111110011110
829465559 00110001011100001010001111010111
809064464 00110000001110010101100000010000
789200241 00101111000010100011110101110001
769336017 00101101110110110010001011010001
749471793 00101100101011000000100000110001
729607569 00101011011111001110110110010001
710280217 00101010010101100000010000011001
690952864 00101001001011110001101010100000
672162382 00101000000100000110001001001110
652835029 00100110111010010111100011010101
634044547 00100101110010101100000010000011
615254065 00100100101011000000100000110001
596463583 00100011100011010100111111011111
577673101 00100010011011101001011110001101
559419490 00100001010110000001000001100010
541165879 00100000010000011000100100110111
522912268 00011111001010110000001000001100
504658657 00011110000101000111101011100001
486405046 00011100111111011111001110110110
468151435 00011011111001110110110010001011
450434695 00011010110110010001011010000111
432181084 00011001110000101000111101011100
414464344 00011000101101000011100101011000
396747604 00010111101001011110001101010100
379030864 00010110100101111000110101010000
361314124 00010101100010010011011101001100
343597384 00010100011110101110000101001000
325880644 00010011011011001000101101000100
308700774 00010010011001100110011001100110
299573969 00010001110110110010001011010001
290984034 00010001010110000001000001100010
273804165 00010000010100011110101110000101
264677360 00001111110001101010011111110000
256087425 00001111010000111001010110000001
238907556 00001110001111010111000010100100
221727687 00001101001101110100101111000111
204547817 00001100001100010010011011101001
195957883 00001011101011100001010001111011
187367948 00001011001010110000001000001100
178778014 00001010101001111110111110011110
170188079 00001010001001001101110100101111
161598145 00001001101000011100101011000001
153008210 00001001000111101011100001010010
136365212 00001000001000001100010010011100
127775277 00000111100111011011001000101101
119185342 00000111000110101001111110111110
110595408 00000110100101111000110101010000
102005473 00000110000101000111101011100001
93415539 00000101100100010110100001110011
84825604 00000101000011100101011000000100
68182606 00000100000100000110001001001110
59592671 00000011100011010100111111011111
51002737 00000011000010100011110101110001
34359738 00000010000011000100100110111010
25769804 00000001100010010011011101001100
17179869 00000001000001100010010011011101
