3491517 00000000001101010100011010111101
6681977 00000000011001011111010101111001
11405471 00000000101011100000100010011111
17964986 00000001000100100001111110111010
26731120 00000001100101111110001001110000
34979008 00000010000101011011110011000000
41331636 00000010011101101010101110110100
48417105 00000010111000101100100101010001
56255470 00000011010110100110001111101110
64863498 00000011110111011011110100001010
74290550 00000100011011011001010101110110
84815912 00000101000011100011000000101000
96557013 00000101110000010101011111010101
109347181 00000110100001001000000101101101
123182231 00000111010101111001110010010111
138108489 00001000001110110101111001001001
154105242 00001001001011110111010110011010
171222548 00001010001101001010011000010100
189517515 00001011010010111100111011001011
208972796 00001100011101001010101111111100
229770740 00001101101100100000010111110100
251915571 00001111000000111110110100110011
275276081 00010000011010000110000100110001
299945599 00010001111000001100111001111111
325890817 00010011011011001011001100000001
353072781 00010101000010110111011010001101
381607750 00010110101111101101111101000110
412971007 00011000100111010110111111111111
447196836 00011010101001111010111010100100
482836000 00011100110001110111111000100000
520247289 00011111000000100101011111111001
559398720 00100001010101111011111101000000
600255184 00100011110001110010101011010000
642758798 00100110010011111011100010001110
686557806 00101000111011000000101001101110
731834309 00101011100111101110011111000101
778813986 00101110011010111100001000100010
827440451 00110001010100011011110101000011
877646171 00110100010011111101000101011011
928986237 00110111010111110011010001111101
981713886 00111010100000111100001111011110
1036117039 00111101110000011110010000101111
1091726648 01000001000100100110110100111000
1148426984 01000100011100111001101011101000
1206531024 01000111111010100011001111010000
1265943029 01001011011101001100000111110101
1326567260 01001111000100011100111101011100
1388291875 01010010101111111010011100100011
1451005671 01010110011111001001011011100111
1514583865 01011010010001101011011100111001
1578903189 01011110000111000010011010010101
1628101789 01100001000010101101110010011101
1661082531 01100011000000100001101110100011
1710261658 01100101111100001000010110011010
1759869767 01101000111001010111101101000111
1793202827 01101010111000100001101010001011
1843020462 01101101110110100100001010101110
1893137934 01110000110101101111111000001110
1927076384 01110010110111001101101000100000
1977664922 01110101111000001100010110011010
2028423061 01111000111001110100011110010101
2062167809 01111010111010100010111100000001
2095955032 01111100111011011011110001011000
2129767665 01111110111100011010110011110001
