44 0000000000101100
64 0000000001000000
88 0000000001011000
118 0000000001110110
154 0000000010011010
196 0000000011000100
246 0000000011110110
304 0000000100110000
371 0000000101110011
447 0000000110111111
534 0000001000010110
605 0000001001011101
657 0000001010010001
711 0000001011000111
768 0000001100000000
827 0000001100111011
890 0000001101111010
956 0000001110111100
1024 0000010000000000
1096 0000010001001000
1171 0000010010010011
1252 0000010011100100
1337 0000010100111001
1427 0000010110010011
1521 0000010111110001
1618 0000011001010010
1720 0000011010111000
1826 0000011100100010
1935 0000011110001111
2049 0000100000000001
2168 0000100001111000
2289 0000100011110001
2415 0000100101101111
2545 0000100111110001
2680 0000101001111000
2820 0000101100000100
2964 0000101110010100
3113 0000110000101001
3266 0000110011000010
3425 0000110101100001
3589 0000111000000101
3757 0000111010101101
3931 0000111101011011
4110 0001000000001110
4293 0001000011000101
4481 0001000110000001
4675 0001001001000011
4872 0001001100001000
5074 0001001111010010
5281 0001010010100001
5494 0001010101110110
5711 0001011001001111
5934 0001011100101110
6173 0001100000011101
6430 0001100100011110
6692 0001101000100100
6958 0001101100101110
7230 0001110000111110
7508 0001110101010100
7792 0001111001110000
8085 0001111110010101
8384 0010000011000000
8688 0010000111110000
9002 0010001100101010
9321 0010010001101001
9645 0010010110101101
9975 0010011011110111
10309 0010100001000101
10648 0010100110011000
10991 0010101011101111
11343 0010110001001111
11704 0010110110111000
12069 0010111100100101
12437 0011000010010101
12814 0011001000001110
13200 0011001110010000
13589 0011010100010101
13981 0011011010011101
14375 0011100000100111
14778 0011100110111010
15188 0011101101010100
15600 0011110011110000
16020 0011111010010100
16447 0100000000111111
16876 0100000111101100
17305 0100001110011001
17742 0100010101001110
18185 0100011100001001
18635 0100100011001011
19092 0100101010010100
19548 0100110001011100
20011 0100111000101011
20480 0101000000000000
20947 0101000111010011
21420 0101001110101100
21899 0101010110001011
22382 0101011101101110
22752 0101100011100000
22998 0101100111010110
23358 0101101100111110
23727 0101110010101111
23977 0101110110101001
24344 0101111100011000
24719 0110000010001111
24974 0110000110001110
25346 0110001100000010
25845 0110010011110101
26348 0110011011101100
26727 0110100001100111
26980 0110100101100100
27235 0110101001100011
27490 0110101101100010
27745 0110110001100001
28002 0110110101100010
28379 0110111011011011
28758 0111000001010110
29016 0111000101011000
29275 0111001001011011
29535 0111001101011111
29794 0111010001100010
30054 0111010101100110
30437 0111011011100101
30821 0111100001100101
31082 0111100101101010
31466 0111101011101010
31851 0111110001101011
32113 0111110101110001
32498 0111111011110010
