75 0000000001001011
220 0000000011011100
489 0000000111101001
797 0000001100011101
1060 0000010000100100
1382 0000010101100110
1772 0000011011101100
2227 0000100010110011
2750 0000101010111110
3346 0000110100010010
4019 0000111110110011
4771 0001001010100011
5603 0001010111100011
6558 0001100110011110
7651 0001110111100011
8846 0010001010001110
10138 0010011110011010
11523 0010110100000011
13006 0011001011001110
14577 0011100011110001
16231 0011111101100111
17967 0100011000101111
19779 0100110101000011
21662 0101010010011110
23601 0101110000110001
25091 0110001000000011
26097 0110010111110001
27611 0110101111011011
29146 0111000111011010
30177 0111010111100001
31205 0111100111100101
32236 0111110111101100
