0 00000000
0 00000000
1 00000001
1 00000001
2 00000010
2 00000010
2 00000010
3 00000011
3 00000011
4 00000100
4 00000100
5 00000101
6 00000110
7 00000111
7 00000111
8 00001000
9 00001001
10 00001010
11 00001011
12 00001100
14 00001110
15 00001111
16 00010000
18 00010010
19 00010011
21 00010101
23 00010111
25 00011001
27 00011011
29 00011101
31 00011111
33 00100001
36 00100100
38 00100110
41 00101001
44 00101100
46 00101110
49 00110001
52 00110100
55 00110111
59 00111011
62 00111110
65 01000001
68 01000100
72 01001000
75 01001011
79 01001111
83 01010011
86 01010110
90 01011010
94 01011110
97 01100001
99 01100011
102 01100110
105 01101001
107 01101011
110 01101110
113 01110001
115 01110011
118 01110110
121 01111001
123 01111011
125 01111101
127 01111111
