19202 000000000100101100000010
56400 000000001101110001010000
125296 000000011110100101110000
204036 000000110001110100000100
271385 000001000010010000011001
353811 000001010110011000010011
453608 000001101110101111101000
570042 000010001011001010111010
703896 000010101011110110011000
856515 000011010001000111000011
1028947 000011111011001101010011
1221487 000100101010001101101111
1434267 000101011110001010011011
1678882 000110011001111000100010
1958715 000111011110001100111011
2264459 001000101000110110001011
2595225 001001111001100110011001
2949877 001011010000001011110101
3329580 001100101100111000101100
3731836 001110001111000101111100
4155163 001111110110011100011011
4599527 010001100010111011100111
5063497 010011010100001101001001
5545503 010101001001111000011111
6041967 010111000011000101101111
6423197 011000100000001010011101
6680710 011001011111000010000110
7068424 011010111101101100001000
7461356 011100011101100111101100
7725254 011101011110000011000110
7988389 011110011110010010100101
8252316 011111011110101110011100
