3 000000000011
6 000000000110
11 000000001011
17 000000010001
25 000000011001
33 000000100001
39 000000100111
46 000000101110
54 000000110110
62 000000111110
71 000001000111
81 000001010001
92 000001011100
104 000001101000
117 000001110101
132 000010000100
147 000010010011
163 000010100011
181 000010110101
199 000011000111
219 000011011011
240 000011110000
263 000100000111
286 000100011110
311 000100110111
337 000101010001
364 000101101100
394 000110001010
426 000110101010
460 000111001100
496 000111110000
533 001000010101
572 001000111100
613 001001100101
655 001010001111
698 001010111010
743 001011100111
789 001100010101
837 001101000101
886 001101110110
936 001110101000
988 001111011100
1041 010000010001
1095 010001000111
1151 010001111111
1207 010010110111
1265 010011110001
1324 010100101100
1384 010101101000
1444 010110100100
1506 010111100010
1553 011000010001
1584 011000110000
1631 011001011111
1678 011010001110
1710 011010101110
1758 011011011110
1805 011100001101
1838 011100101110
1886 011101011110
1934 011110001110
1967 011110101111
1999 011111001111
2031 011111101111
