13639 000000000011010101000111
26101 000000000110010111110101
44553 000000001010111000001001
70176 000000010001001000100000
104418 000000011001011111100010
136637 000000100001010110111101
161452 000000100111011010101100
189129 000000101110001011001001
219748 000000110101101001100100
253373 000000111101110110111101
290197 000001000110110110010101
331312 000001010000111000110000
377176 000001011100000101011000
427137 000001101000010010000001
481181 000001110101011110011101
539486 000010000011101101011110
601974 000010010010111101110110
668838 000010100011010010100110
740303 000010110100101111001111
816300 000011000111010010101100
897542 000011011011001000000110
984045 000011110000001111101101
1075297 000100000110100001100001
1171662 000100011110000011001110
1273011 000100110110110010110011
1379191 000101010000101101110111
1490655 000101101011111011011111
1613168 000110001001110101110000
1746863 000110101010011110101111
1886078 000111001100011101111110
2032216 000111110000001001011000
2185151 001000010101011110111111
2344747 001000111100011100101011
2510777 001001100100111110111001
2681866 001010001110110000001010
2858728 001010111001111011101000
3042242 001011100110101111000010
3232189 001100010101000110111101
3428305 001101000100111111010001
3628852 001101110101111100110100
3834820 001110101000001111000100
4047332 001111011100000111100100
4264557 010000010001001001101101
4486043 010001000111001110011011
4713012 010001111110101000110100
4945090 010010110111010011000010
5181903 010011110001000111001111
5423015 010100101011111110100111
5667991 010101100111110010010111
5916343 010110100100011010110111
6167591 010111100001110000100111
6359773 011000010000101011011101
6488604 011000110000001000011100
6680710 011001011111000010000110
6874491 011010001110010101111011
7004699 011010101110001000011011
7199299 011011011101101001000011
7395070 011100001101011011111110
7527642 011100101101110011011010
7725254 011101011110000011000110
7923528 011110001110011101001000
8055343 011110101110101000101111
8187324 011111001110110110111100
8319405 011111101111000110101101
