3537073 00000000001101011111100010110001
6237797 00000000010111110010111001100101
9889649 00000000100101101110011101110001
14556744 00000000110111100001111001001000
20329243 00000001001101100011001100011011
25370765 00000001100000110010000010001101
29116433 00000001101111000100100000010001
33148950 00000001111110011101000000010110
37457112 00000010001110111000110011011000
42029051 00000010100000010100111111111011
46869842 00000010110010110010110101010010
52096999 00000011000110101110111111100111
57729793 00000011011100001110001100000001
63658036 00000011110010110101100000110100
69854409 00000100001010011110010011001001
76315613 00000100100011000111101111011101
83008254 00000100111100101001101011111110
89932204 00000101010111000100000110101100
97085536 00000101110010010110100001100000
104439633 00000110001110011001111101010001
112038682 00000110101011011001001100011010
119855807 00000111001001001101101010111111
127821741 00000111100111100110011110101101
135947263 00001000000110100110001111111111
144197843 00001000100110000100100011010011
152542706 00001001000101111001110111110010
160996190 00001001100110001001101101011110
169958241 00001010001000010101101101100001
179353231 00001010101100001011011010001111
188748606 00001011010000000001001100111110
198213662 00001011110100001000000000011110
207707884 00001100011000010101111011101100
217196797 00001100111100100010100011111101
226637913 00001101100000100011100001011001
235934252 00001110000100000001001000101100
245108404 00001110100111000000111010110100
254181354 00001111001001100111111111101010
263116467 00001111101011101101011010110011
271877365 00010000001101001000010011110101
280367728 00010000101101100001001001110000
288619605 00010001001100111111110001010101
296650871 00010001101011101000100001110111
304373655 00010010001001000101111110010111
311758874 00010010100101010001000000011010
318833041 00010011000000010000000110010001
325561450 00010011011001111010110001101010
331919417 00010011110010001011000000111001
337875842 00010100001000111001001110000010
343410334 00010100011110000000011010011110
348496590 00010100110001011010001011001110
353119541 00010101000011000010110100110101
356255952 00010101001111000000100011010000
358222429 00010101010110100000101001011101
360958018 00010101100000111100100001000010
363320604 00010101101001111101010100011100
364774759 00010101101111100000010101100111
366748783 00010101110111000010010001101111
368340012 00010101111101000110110000101100
369281804 00010110000000101100101100001100
370483282 00010110000101010010000001010010
371289067 00010110001000010110101111101011
371689786 00010110001001111000100100111010
371960084 00010110001010111010100100010100
372095335 00010110001011011011100101100111
