15191613374182292 0000000000110101111110001011000100011110101110111011001110010100
26791135271779016 0000000001011111001011100110010101000101000000001111101011001000
42475719240696904 0000000010010110111001110111000100001100111010111100010001001000
62520738514652216 0000000011011110000111100100011111001010010000101100110000111000
87313434583282464 0000000100110110001100110001101100101100011101001011001100100000
108966604646057168 0000000110000011001000001000110010110010010011110000010011010000
125054125682201344 0000000110111100010010000001000010010010111111000001001100000000
142373656943315120 0000000111111001110100000001011000101111011110101100100010110000
160877070704481920 0000001000111011100011001101011111101011110110001001011010000000
180513398408948544 0000001010000001010011111111101010111101010111010010101101000000
201304437890324928 0000001011001011001011010101000111011000001010011001100111000000
223754908878007776 0000001100011010111011111110011101110100011011000110110111100000
247947572706081856 0000001101110000111000110000000011110010000100001111110001000000
273409180744649344 0000001111001011010110000011001110001000100111011000101010000000
300022402021433920 0000010000101001111001001100100011111001001001011010001001000000
327773060550964288 0000010010001100011110111101110010101001000101010011010001000000
356517737649145472 0000010011110010100110101111111001010100101101000000011010000000
386255876880905600 0000010101011100010000011010110001101101111001001011010110000000
416979204160952832 0000010111001001011010000110000001111110101111010001101000000000
448564807277687360 0000011000111001100111110101000011001100100001110011001001000000
481202473070672704 0000011010101101100100110001100110001000011010101011101101000000
514776770575718592 0000011100100100110110101011111011010100110010011101100011000000
548990197402715008 0000011110011110011001111010110100000101010111000100001110000000
583889049533775232 0000100000011010011000111111111100111001101100110111110110000000
619325018013639296 0000100010011000010010001101001010010011001101110010001010000000
655165932225317248 0000100100010111100111011111000110110011001110100100100110000000
691473371093707776 0000100110011000100110110101111000001111101011101010110000000000
729965086370396160 0000101000100001010110110110000011100111100010110111100000000000
770316261010756864 0000101010110000101101101000111011011110010000001101010100000000
810669088142860032 0000101101000000000100110011110110010101001001010001111100000000
851321194390572928 0000101111010000100000000001110110100101011010010100111110000000
892098567305346048 0000110001100001010111101110101110100000110111101011110000000000
932853141955161088 0000110011110010001010001111110101111001110110000010110000000000
973402422845642112 0000110110000010001110000101100010100101001110000001010110000000
1013329896829382528 0000111000010000000100100010110000011100110011000110111110000000
1052732577293001472 0000111010011100000011101011001110010001000001111110001100000000
1091700601592339200 0000111100100110011111111110100110111110111111011101101100000000
1130076619224721920 0000111110101110110101101011001010100001110111010010101000000000
1167704390587747584 0001000000110100100001001111010011011011101001011000110100000000
1204170223217329920 0001000010110110000100100111000000100011111110001100011100000000
1239611765749668864 0001000100110011111111000101010101001100111001110101110000000000
1274105787834679040 0001000110101110100010000111011010101010001001111011111100000000
1307274894704759552 0001001000100100010111111001011100101010101010011101001100000000
1338994167900448256 0001001010010101000100000001100111110110000001101010011000000000
1369377483176502272 0001001100000001000000011001000011010000001001110110010000000000
1398275782385305088 0001001101100111101011000110101001101011000110111000011000000000
1425583039116654592 0001001111001000101100000011100010010100010111101011100000000000
1451165691352356864 0001010000100011100100111000000111110111010010101001100000000000
1474936155450722048 0001010001111000000001101001111001101100000001010100011100000000
1496781456601606400 0001010011000101101000101100110111110011001000010110100100000000
1516636881793943552 0001010100001100001011010011010101100000100101011000100000000000
1530107663367575808 0001010100111100000010001101000000011111001000001001100100000000
1538553616744482304 0001010101011010000010100101110011100001111100101000011000000000
1550302881673279488 0001010110000011110010000100000111001100011001100111100000000000
1560450112163778816 0001010110100111110101010001110000000001001111011001000100000000
1566695659120004352 0001010110111110000001010110011010111000111111101000110100000000
1575174026774600448 0001010111011100001001000110111010000101010100100101101100000000
1582008306420898816 0001010111110100011011000010110000111111111011110101110000000000
1586053272249038848 0001011000000010110010110000110000111111001111111111100000000000
1591213580030277888 0001011000010101001000000101001000000111011110110111100100000000
1594674402175360512 0001011000100001011010111110101101111010000100100001111000000000
1596395476706089984 0001011000100111100010010011101001011110000110110101110000000000
1597556396851234816 0001011000101011101010010001010000100110111110001000100000000000
1598137293447343104 0001011000101101101110010110011010101110001110111010110000000000
