4773400 00000000010010001101011000011000
12135670 00000000101110010010110011110110
23749800 00000001011010100110010010101000
35221913 00000010000110010111000110011001
44379254 00000010101001010010110001110110
54858609 00000011010001010001001101110001
66700030 00000011111110011100001011111110
79602803 00000100101111101010010001110011
93463703 00000101100100100010010010010111
108232292 00000110011100110111111001100100
123814646 00000111011000010100001011110110
140049660 00001000010110001111110011111100
156772448 00001001010110000010100001100000
174666530 00001010011010010011001100100010
193551858 00001011100010010101110111110010
212532494 00001100101010101111110100001110
231341131 00001101110010011111110001001011
249737667 00001110111000101011000111000011
267598894 00001111111100110011110000101110
284628801 00010000111101110001011101000001
300627180 00010001111010110011010011101100
315444055 00010010110011010100101101010111
328895453 00010011100110101000101111011101
340802938 00010100010100000011110101111010
350970518 00010100111010110110001010010110
357192196 00010101010010100101001000000100
360859173 00010101100000100100011000100101
365586191 00010101110010100110011100001111
368779941 00010101111110110010001010100101
370384438 00010110000100111001111000110110
371453820 00010110001000111110111101111100
371994343 00010110001011000010111011100111
