13817 000000000011010111111001
24366 000000000101111100101110
38631 000000001001011011100111
56862 000000001101111000011110
79411 000000010011011000110011
99105 000000011000001100100001
113736 000000011011110001001000
129488 000000011111100111010000
146317 000000100011101110001101
164176 000000101000000101010000
183085 000000101100101100101101
203504 000000110001101011110000
225507 000000110111000011100011
248664 000000111100101101011000
272869 000001000010100111100101
298108 000001001000110001111100
324251 000001001111001010011011
351298 000001010101110001000010
379240 000001011100100101101000
407967 000001100011100110011111
437651 000001101010110110010011
468187 000001110010010011011011
499304 000001111001111001101000
531044 000010000001101001100100
563273 000010001001100001001001
595870 000010010001011110011110
628891 000010011001100010011011
663899 000010100010000101011011
700599 000010101011000010110111
737299 000010110100000000010011
774272 000010111101000010000000
811359 000011000110000101011111
848425 000011001111001000101001
885304 000011011000001000111000
921618 000011100001000000010010
957455 000011101001110000001111
992896 000011110010011010000000
1027799 000011111010111011010111
1062021 000100000011010010000101
1095186 000100001011011000010010
1127420 000100010011001111111100
1158792 000100011010111010001000
1188960 000100100010010001100000
1217808 000100101001010100010000
1245442 000100110000000100000010
1271724 000100110110011110101100
1296560 000100111100100010110000
1319828 000101000010001110010100
1341447 000101000111100000000111
1361315 000101001100010110100011
1379373 000101010000110000101101
1391625 000101010011110000001001
1399306 000101010101101000001010
1409992 000101011000001111001000
1419221 000101011010011111010101
1424901 000101011011111000000101
1432612 000101011101110000100100
1438828 000101011111010001101100
1442507 000101100000001011001011
1447200 000101100001010100100000
1450348 000101100010000101101100
1451913 000101100010011110001001
1452969 000101100010101110101001
1453497 000101100010110110111001
