20501595561718632 0000000001001000110101100001011110110000110010001111001101101000
52122306606119760 0000000010111001001011001111011000110010001000011011101101010000
102004612319652368 0000000101101010011001001010011110001010110000111010101000010000
151276965266409472 0000001000011001011100011001100100110001011001110100100000000000
190607446553640320 0000001010100101001011000111011001110111010111111011110110000000
235615929819302688 0000001101000101000100110111000010011000010011011000101100100000
286474447567026528 0000001111111001110000101111111000000100011101010111100101100000
341891437593956864 0000010010111110101001000111001101111001100010010001001000000000
401423546791285376 0000010110010010001001001001011011000110111110001101001010000000
464854152986736512 0000011001110011011111100110001110100101001000111011011110000000
531779855563517440 0000011101100001010000101111011000001101100100100110111000000000
601508708817483776 0000100001011000111111001111101111010110010111101011100000000000
673332537555426176 0000100101011000001010000110000000011100101101000001101110000000
750187034615215744 0000101001101001001100110010001000100001010101111111011010000000
831298898100798208 0000101110001001010111011111000110000011011110001100001100000000
912820110248698368 0000110010101010111111010000110111001111001101001110001000000000
993602592297816448 0000110111001001111111000100101100011001110100011001000110000000
1072615112245841280 0000111011100010101100011100001011111010001000010000110110000000
1149328499033033728 0000111111110011001111000010111000110011000110001100110000000000
1222471392816822528 0001000011110111000101110100000100111100111011000111100100000000
1291183908219874304 0001000111101011001101001110110001101101001001010110110000000000
1354821900496410880 0001001011001101010010110101011100100001000000100001100100000000
1412595214593554176 0001001110011010100010111101110100001001010000111111011100000000
1463737473833940480 0001010001010000001111010111101000101100010011001011011000000000
1507406898777291776 0001010011101011011000101001011001111101100101111111110000000000
1534128798518481152 0001010101001010010100100000001110011011011001000001000100000000
1549878348089750528 0001010110000010010001100010010101011110111101010111010000000000
1570180736160945920 0001010111001010011001110000111101110100000010001101011100000000
1583897784820134400 0001010111111011001000101010010010111000101110110111001000000000
1590789046446750208 0001011000010011100111100011010110011010000010100111101000000000
1595382010684978176 0001011000100011111011110111110001101011111011010011010000000000
1597703539282924288 0001011000101100001011101110011101101011010101111101001100000000
