3004641 00000000001011011101100011100001
4129782 00000000001111110000001111110110
5476607 00000000010100111001000011111111
7055108 00000000011010111010011100000100
8878321 00000000100001110111100011110001
10952871 00000000101001110010000010100111
13278693 00000000110010101001110111100101
15869726 00000000111100100010011100011110
18754997 00000001000111100010110110110101
21935717 00000001010011101011011001100101
25395582 00000001100000111000000101111110
28163973 00000001101011011011111110000101
30107839 00000001110010110110100010111111
32125022 00000001111010100011000001011110
34212885 00000010000010100000110000010101
36368285 00000010001010101110111110011101
38587571 00000010010011001100110010110011
40866591 00000010011011111001001100011111
43218144 00000010100100110111010011100000
45639058 00000010101110000110010110010010
48127122 00000010110111100101110010010010
50738888 00000011000001100011011011001000
53477693 00000011001100000000000100111101
56305618 00000011010110110010011111010010
59198269 00000011100001110100101100111101
62151929 00000011101101000101110011111001
65186026 00000011111000101010100011101010
68298333 00000100000100100010011001011101
71458967 00000100010000100110000010010111
74691301 00000100011100111011001011100101
77990243 00000100101001100000100101100011
81323803 00000100110110001110011100011011
84715700 00000101000011001010100010110100
88161966 00000101010000010011111010101110
91692167 00000101011101110001110010000111
95269112 00000101101011011011000011111000
98890377 00000101111001001111001010001001
102585820 00000110000111010101010111011100
106316651 00000110010101100100001101101011
110116766 00000110100100000011111110011110
113982680 00000110110010110011110011011000
117871918 00000111000001101001010100101110
121821044 00000111010000101101011101110100
125825970 00000111011111111111001110110010
129840691 00000111101111010011011000110011
133904454 00000111111110110011100001000110
138012661 00001000001110011110011111110101
142116015 00001000011110001000010010101111
146256433 00001000101101111011001000110001
150428923 00001000111101110101110011111011
154631236 00001001001101110111110001000100
158858133 00001001011101111111101110010101
163107222 00001001101110001101000110010110
167583545 00001001111111010001111100111001
172288101 00001010010001001110100001100101
177013596 00001010100011010000001101011100
181701634 00001010110101001000110000000010
186400862 00001011000111000100000001011110
191104573 00001011011001000000011000111101
195809497 00001011101010111101000011011001
200566653 00001011111101000110011101111101
205314252 00001100001111001101100011001100
210048926 00001100100001010001011110011110
214823061 00001100110011011111000010010101
219572952 00001101000101100110101011011000
224295260 00001101010111100111100101011100
228982954 00001101101001100000000010101010
233632883 00001101111011001111010001110011
238238207 00001110001100110011100111111111
242796030 00001110011110001100010111111110
247360832 00001110101111100110110101000000
251928126 00001111000001000001111000111110
256432211 00001111010010001101100001010011
260870573 00001111100011001001000110101101
265297686 00001111110100000001111100010110
269708753 00010000000100110110110111010001
274038654 00010000010101010111111101111110
278285470 00010000100101100100110010011110
282443513 00010000110101011011111011111001
286570264 00010001000101001011011100011000
290656857 00010001010100110001001001011001
294644812 00010001100011111110110001001100
298586189 00010001110011000001000001001101
302476153 00010010000001110110101101111001
306254430 00010010010000010001001001011110
309920840 00010010011110010000010001001000
313524973 00010010101100000000001011101101
317062255 00010010111001011111110001101111
320528100 00010011000110101101111011100100
323917925 00010011010011101001100001100101
327178050 00010011100000000101011101000010
330357689 00010011101100001101101110111001
333448319 00010011111000000000010001111111
336404745 00010100000011010010000100001001
339268684 00010100001110001101010001001100
342036177 00010100011000110000111011010001
344703344 00010100100010111100000101110000
346641858 00010100101010010101010111000010
347895745 00010100101111000111011111000001
349684195 00010100110101111100000111100011
351424446 00010100111100100100111110111110
352568663 00010101000000111100010101010111
354194622 00010101000111001001010010111110
355765178 00010101001101001000101110111010
356793137 00010101010001000011101100110001
358247246 00010101010110100110101101001110
360066858 00010101011101100010111100101010
361767075 00010101100100000010000010100011
362949658 00010101101000100010110000011010
363707944 00010101101011011011111000101000
364435043 00010101101110001101011001100011
365130684 00010101110000110111001110111100
365794610 00010101110011011001010100110010
366426574 00010101110101110011100111001110
367308086 00010101111001001010110100110110
368095927 00010101111100001011001010110111
368599853 00010101111110000110001100101101
369070764 00010101111111111001001010101100
369508481 00010110000001100100000010000001
369912838 00010110000011000110110000000110
370283682 00010110000100100001010010100010
370779116 00010110000110011010001111101100
371177940 00010110000111111011100111010100
371415575 00010110001000110101101000010111
371714603 00010110001001111110101000101011
371916222 00010110001010101111110110111110
372019241 00010110001011001001000000101001
372120151 00010110001011100001101001010111
