312829522121 000000000100100011010110000101111011000011001001
795323281954 000000001011100100101100111101100011001000100010
1556466862788 000000010110101001100100101001111000101011000100
2308303303015 000000100001100101110001100110010011000101100111
2908438820704 000000101010010100101100011101100111011101100000
3595213772878 000000110100010100010011011100001001100001001110
4371253167221 000000111111100111000010111111100000010001110101
5216849328521 000001001011111010100100011100110111100110001001
6125237225209 000001011001001000100100100101101100011011111001
7093111465252 000001100111001101111110011000111010010100100100
8114316643730 000001110110000101000010111101100000110110010010
9178294507103 000010000101100011111100111110111101011001011111
10274239159476 000010010101100000101000011000000001110010110100
11446945718616 000010100110100100110011001000100010000101011000
12684614534009 000010111000100101011101111100011000001101111001
13928529514293 000011001010101011111101000011011100111100110101
15161172367826 000011011100100111111100010010110001100111010010
16366807743009 000011101110001010110001110000101111101000100001
17537361130265 000011111111001100111100001011100011001100011001
18653433117932 000100001111011100010111010000010011110011101100
19701902896421 000100011110101100110100111011000110110100100101
20672941596930 000100101100110101001011010101110010000100000010
21554492410180 000100111001101010001011110111010000100101000100
22334861356109 000101000101000000111101011110100010110001001101
23001203899800 000101001110101101100010100101100111110110011000
23408947731300 000101010100101001010010000000111001101101100100
23649266786037 000101011000001001000110001001010101111011110101
23959056643081 000101011100101001100111000011110111010000001001
24168362195131 000101011111101100100010101001001011100010111011
24273514502666 000101100001001110011110001101011001101000001010
24343597575149 000101100010001111101111011111000110101111101101
24379021290328 000101100010110000101110111001110110101101011000
