12904835708736016 0000000000101101110110001110000100110100010011011101001000010000
17737279619365010 0000000000111111000000111111011000111010111111100111100010010010
23521846588095200 0000000001010011100100001111111010101110010110000011101011100000
30301457901334272 0000000001101011101001110000001111110010011000101010111100000000
38132096476017616 0000000010000111011110001111000010010000111111100111001111010000
47042224221968744 0000000010100111001000001010011101011000001100011101100101101000
57031550503837352 0000000011001010100111011110010010011100110001010101111010101000
68159953112204248 0000000011110010001001110001110111000001001010010000001111011000
80552097506443552 0000000100011110001011011011010010110101110010001100000100100000
94213186427332752 0000000101001110101101100110010011010110001010001010100010010000
109073192066087632 0000000110000011100000010111110110000011100111011111101011010000
120963344272870112 0000000110101101101111111000010101001110001110100100101011100000
129312183835217440 0000000111001011011010001011111011111110101000001100111000100000
137975919027634096 0000000111101010001100000101111000001001001100110011111110110000
146943224278368768 0000001000001010000011000001010101111101010000110100001000000000
156200596730527360 0000001000101010111011111001110101111001110100111011111010000000
165732356925152256 0000001001001100110011001011001101010110010011111101110000000000
175520670251893344 0000001001101111100100110001111010100001000110100100001001100000
185620514275125824 0000001010010011011101001101111111010000011001001110101001000000
196018259722362560 0000001010111000011001011001000110010100001111011101111011000000
206704413974318272 0000001011011110010111001001000111000000011100011100110011000000
217921865147116832 0000001100000110001101101100100000100000111000100110110100100000
229684941479475968 0000001100110000000000010011110011000011001000111111101100000000
241830788182962048 0000001101011011001001111101001000010001011001011110111110000000
254254628179555232 0000001110000111010010110011110010111011001001000011001110100000
266940504155759936 0000001110110100010111001111100101100110010111100010010101000000
279971851652298048 0000001111100010101010001110101001101100110101111111010101000000
293339106596258944 0000010000010010001001100101110011111111011001101000010010000000
306913925944204352 0000010001000010011000001001011011101100100001100101110001000000
320796695713743232 0000010001110011101100101110010100100101001000110000000110000000
334965542622200896 0000010010100110000010010110001011100011111111100000010001000000
349283074769361024 0000010011011000111001110001101100011101101011110001100010000000
363851160576312512 0000010100001100101010001011001111101001010000111100010011000000
378652762486905408 0000010101000001001111101010111001101001010000001001101001000000
393814858390641920 0000010101110111000111001000011011110101101001010001110100000000
409177719682638592 0000010110101101101100001111011111010111101100000010001100000000
424730935257643968 0000010111100100111100101000100100001001001001101011101111000000
440602743614939712 0000011000011101010101011101110001100100001110110010001001000000
456626540351573696 0000011001010110010000110110101101001100101010111100111011000000
472947908206931456 0000011010010000001111111001110111100001111100000010111000000000
489551882741176704 0000011011001011001111001101011111110101111010010101100110000000
506256034387872128 0000011100000110100101010010111001010111000101100100100110000000
523217401480978624 0000011101000010110101110111010001011011100100111010000011000000
540418425473862144 0000011101111111111100111011000111011000011100100000101000000000
557661519407426432 0000011110111101001101100011001010000001001011110010101110000000
575115250330322688 0000011111111011001110000100010111101000110110010100011100000000
592759865199443072 0000100000111001111001111111010011110010010100100011110010000000
610383635337939712 0000100001111000100001001010111010110001000001111000101100000000
628166595431748864 0000100010110111101100100011000010111100011110011101010100000000
646087306096331392 0000100011110111010111001111101101010101110000101100101010000000
664136101123836672 0000100100110111011111000100001111100101111111111100101100000000
682290485216531968 0000100101110111111110111001010011010100111101011101011000000000
700540184656106752 0000100110111000110100011001011000011001010100000101010100000000
719765845717704448 0000100111111101000111110011100100100011011101100101111100000000
739971760600443136 0000101001000100111010000110010101001110011010001110100100000000
760267606046060032 0000101010001101000000110101110000010000100111001010111000000000
780402577667170048 0000101011010100100011000000001001110111101001101001111100000000
800585605554162688 0000101100011100010000000101110111010111010110001100110000000000
820787892738708352 0000101101100100000001100011110101011110101000011101001110000000
840995383975945088 0000101110101011110100001101100010001111101000010010001110000000
861427214517736448 0000101111110100011001110111110011010001001011110001010000000000
881817996782502912 0000110000111100110110001100101111000110110001001000010000000000
902153267847984128 0000110010000101000101111001111000000111000010010111010000000000
922658019704774144 0000110011001101111100001001010010011001101010110001111000000000
943058648393727616 0000110100010110011010101101100000011011110111100011111010000000
963340805841542528 0000110101011110011110010101101111100001110100101101110110000000
983474299567534208 0000110110100110000000001010101000101111011100101111000010000000
1003445592974364672 0000110111101100111101000111001101001000101010110001000000000000
1023225309423259648 0000111000110011001110011111111101100101010111001101000000000000
1042801008643313408 0000111001111000110001011111111000001011100110101000111100000000
1062406685458075136 0000111010111110011011010100000001100101101110101000111000000000
1082023061152021504 0000111100000100000111100011110111000110101111110011110000000000
1101367958404113920 0000111101001000110110000101001010100111101011001010011000000000
1120430581645225472 0000111110001100100100011010110101111110011100101010111000000000
1139444883174915328 0000111111010000000111110001010110001110110001101111110100000000
1158390271932116736 0001000000010011011011011101000010011101110010000010111100000000
1176987056149884416 0001000001010101011111110111110111011011000010111110111000000000
1195226994066926592 0001000010010110010011001001111001010111010100010010110000000000
1213085650556647424 0001000011010101101111101111100011010011100011010111100000000000
1230809911398109696 0001000100010100101101110001011111100010111010100001001000000000
1248361696628414464 0001000101010011000100100101100101010110101111011001100000000000
1265489833087235328 0001000110001111111011000100110001100000000010000111010100000000
1282417916616321536 0001000111001100000100000100110011110101100000110010101000000000
1299125185043375872 0001001000000111011010110111100100000101010001100010011100000000
1315352762755890176 0001001001000001000100100101111001100010011001001011110000000000
1331099872733487104 0001001001111001000001000100100000100010110110001110000000000000
1346579507373961984 0001001010110000000000101110110101101110110110000111001100000000
1361772015992883712 0001001011100101111111000110111011111110010100101100101000000000
1376657706603622912 0001001100011010110111101110001111101011011010011011001000000000
1391216893721092096 0001001101001110100110000110010011010011110001001010000000000000
1405219026798415872 0001001110000000010101110100001001111011111100001001000000000000
1418875471456838144 0001001110110000110110111011100101001000101100110010001000000000
1432149623738831360 0001001111100000000001000111111010110100001010011001001000000000
1444847378220150784 0001010000001101001000010000100100001101011101110111000000000000
1457147900261867520 0001010000111000110101000100101110000100010100001010000000000000
1469034192280918016 0001010001100011000011101101000010001001110011101001100000000000
1480489587598081024 0001010010001011110000010110111110011010011100101011110000000000
1488815443747852032 0001010010101001010101011100001000001100101101001100111100000000
1494200847295938048 0001010010111100011101111100000100000110001010010111111000000000
1501882180147896832 0001010011010111110000011110001010110010001101000110001000000000
1509356501102019072 0001010011110010010011111011110110100111100111001100001000000000
1514270877771360768 0001010100000011110001010101011100100011010001111110101000000000
1521254318947333632 0001010100011100100101001011111000111101111000100111011000000000
1527999804598624512 0001010100110100100010111011101000000001111101111010000100000000
1532414856687907072 0001010101000100001110110011000101101101011010011111000100000000
1538660204164512768 0001010101011010011010110100110110110011010000010111110000000000
1546475378476269568 0001010101110110001011110010100111000011111101110100000000000000
1553777757913742592 0001010110010000001000001010001101111000010110011111110100000000
1558856909094819328 0001010110100010001011000001100110000010010000101001011000000000
1562113725517293568 0001010110101101101111100010100000101100001110000110100000000000
1565236589974604288 0001010110111000110101100110001010110110111000010100101000000000
1568224347202617856 0001010111000011011100111011110000100111001000011000001000000000
1571075888228265472 0001010111001101100101010011001001001001000001101110111000000000
1573790151270721280 0001010111010111001110011100110111100101011111111110011100000000
1577576217602896384 0001010111100100101011010011011000101000010100110011001000000000
1580959969786740480 0001010111110000101100101011011101011011010000000011111100000000
1583124315652070656 0001010111111000011000110010110101100101101110011001110100000000
1585146860910424064 0001010111111111100100101010101111101001011001000011000000000000
1587026840588630784 0001011000000110010000001000000011001010010010111011101100000000
1588763542146166272 0001011000001100011011000000011000100001101101101010111000000000
1590356306071813376 0001011000010010000101001010001001100001101101100111110100000000
1592484177651365888 0001011000011001101000111110110000010111010101101111100000000000
1594197111996961024 0001011000011111101110011101001110110010100010000101000100000000
1595217748428862208 0001011000100011010110100001011100100010100000000011001100000000
1596502064126120448 0001011000100111111010100010101100101111011010100101001000000000
1597368009446961664 0001011000101010111111011011110111001010101010001011001000000000
1597810471683417088 0001011000101100100100000010100010001111000101101110010000000000
1598243880867373568 0001011000101110000110100101011101111111100010101010001000000000
