11737 000000000010110111011001
16132 000000000011111100000100
21393 000000000101001110010001
27559 000000000110101110100111
34681 000000001000011101111001
42785 000000001010011100100001
51870 000000001100101010011110
61991 000000001111001000100111
73262 000000010001111000101110
85686 000000010100111010110110
99201 000000011000001110000001
110016 000000011010110111000000
117609 000000011100101101101001
125488 000000011110101000110000
133644 000000100000101000001100
142064 000000100010101011110000
150733 000000100100110011001101
159635 000000100110111110010011
168821 000000101001001101110101
178278 000000101011100001100110
187997 000000101101111001011101
198199 000000110000011000110111
208897 000000110011000000000001
219944 000000110101101100101000
231243 000000111000011101001011
242781 000000111011010001011101
254633 000000111110001010101001
266790 000001000001001000100110
279137 000001000100001001100001
291763 000001000111001110110011
304649 000001001010011000001001
317671 000001001101100011100111
330921 000001010000110010101001
344383 000001010100000100111111
358173 000001010111011100011101
372145 000001011010110110110001
386291 000001011110010011110011
400726 000001100001110101010110
415299 000001100101011001000011
430144 000001101001000001000000
445245 000001101100101100111101
460437 000001110000011010010101
475863 000001110100001011010111
491508 000001110111111111110100
507190 000001111011110100110110
523064 000001111111101100111000
539112 000010000011100111101000
555141 000010000111100010000101
571314 000010001011011110110010
587613 000010001111011101011101
604028 000010010011011101111100
620540 000010010111011111111100
637138 000010011011100011010010
654623 000010011111110100011111
673000 000010100100010011101000
691459 000010101000110100000011
709772 000010101101010010001100
728128 000010110001110001000000
746502 000010110110010000000110
764881 000010111010101111010001
783463 000010111111010001100111
802009 000011000011110011011001
820504 000011001000010100011000
839153 000011001100110111110001
857707 000011010001011001101011
876153 000011010101111001111001
894465 000011011010011000000001
912628 000011011110110011110100
930618 000011100011001100111010
948422 000011100111100011000110
966253 000011101011111001101101
984094 000011110000010000011110
1001688 000011110100100011011000
1019026 000011111000110010010010
1036319 000011111101000000011111
1053550 000100000001001101101110
1070463 000100000101010101111111
1087053 000100001001011001001101
1103295 000100001101010110111111
1119415 000100010001010010110111
1135378 000100010101001100010010
1150956 000100011000111111101100
1166352 000100011100110000010000
1181547 000100100000011101101011
1196306 000100100100000100010010
1210628 000100100111100100000100
1224707 000100101011000000000011
1238524 000100101110010111111100
1252063 000100110001101011011111
1265304 000100110100111010011000
1278039 000100111000000001010111
1290460 000100111011000011011100
1302532 000100111110000000000100
1314081 000101000000110100100001
1325268 000101000011100011010100
1336079 000101000110001100001111
1346497 000101001000101111000001
1354070 000101001010100101010110
1358968 000101001011110001111000
1365954 000101001101011111000010
1372752 000101001111001001010000
1377221 000101010000001111000101
1383573 000101010001110010010101
1389708 000101010011010010001100
1393723 000101010100010000111011
1399403 000101010101101001101011
1406511 000101010111011000101111
1413153 000101011001000000100001
1417772 000101011010001000101100
1420734 000101011010110110111110
1423574 000101011011100011010110
1426292 000101011100001101110100
1428885 000101011100110110010101
1431354 000101011101011100111010
1434797 000101011110010010101101
1437875 000101011111000010110011
1439843 000101011111100001100011
1441683 000101011111111110010011
1443393 000101100000011001000001
1444972 000101100000110001101100
1446421 000101100001001000010101
1448356 000101100001100110100100
1449914 000101100001111110111010
1450842 000101100010001101011010
1452010 000101100010011111101010
1452798 000101100010101011111110
1453200 000101100010110010010000
1453594 000101100010111000011010
