231805623996 000000000011010111111000101100010001111010111100
408800281857 000000000101111100101110011001010100010100000001
648128040172 000000001001011011100111011100010000110011101100
953990761027 000000001101111000011110010001111100101001000011
1332297280629 000000010011011000110011000110110010110001110101
1662698435151 000000011000001100100000100011001011001001001111
1908174525180 000000011011110001001000000100001001001011111100
2172449599355 000000011111100111010000000101100010111101111011
2454789286873 000000100011101110001100110101111110101111011001
2754415869277 000000101000000101001111111110101011110101011101
3071661955114 000000101100101100101101010100011101100000101010
3414228956268 000000110001101011101111111001110111010001101100
3783379710481 000000110111000011100011000000001111001000010001
4171893016734 000000111100101101011000001100111000100010011110
4577978546470 000001000010100111100100110010001111100100100110
5001419991317 000001001000110001111011110111001010100100010101
5440028955828 000001001111001010011010111111100101010010110100
5893796949477 000001010101110001000001101011000110110111100101
6362597719741 000001011100100101101000011000000111111010111101
6844555775111 000001100011100110011111010100001100110010000111
7342567032939 000001101010110110010011000110011000100001101011
7854870156490 000001110010010011011010101111101101010011001010
8376925619548 000001111001111001100111101011010000010101011100
8909439842739 000010000001101001100011111111110011100110110011
9450149810999 000010001001100001001000110100101001001100110111
9997038760762 000010010001011110011101111100011011001100111010
10551046311855 000010011001100010011011010111100000111110101111
11138383275915 000010100010000101011011011000001110011110001011
11754093338177 000010101011000010110110100011101101111001000001
12369828615461 000010110100000000010011001111011001010100100101
12990130529641 000010111101000010000000000111011010010101101001
13612343861471 000011000110000101011110111010111010000011011111
14234209319384 000011001111001000101000111111010111100111011000
14852942243128 000011011000001000111000010110001010010100111000
15462187146444 000011100001000000010010001011000001110011001100
16063424336136 000011101001110000001110101100111001000100001000
16658029199102 000011110010011001111111111010011011111011111110
17243600757213 000011111010111011010110101100101010000111011101
17817754983334 000100000011010010000100111101001101101110100110
18374179431417 000100001011011000010010011100000010001111111001
18914974452967 000100010011001111111100010101010100110011100111
19441311459880 000100011010111010001000011101101010101000101000
19947431865002 000100100010010001011111100101110010101010101010
20431429563911 000100101001010100010000000110011111011000000111
20895042162727 000100110000000100000001100100001101000000100111
21335995214620 000100110110011110101100011010100110101100011100
21752670884959 000100111100100010110000001110001001010001011111
22143031179083 000101000010001110010011100000011111011101001011
22505739676677 000101000111100000000110100111100110110000000101
22839072518945 000101001100010110100010110011011111001100100001
23142042263702 000101010000110000101101001101010110000010010110
23347590078241 000101010011110000001000110100000001111100100001
23476465099251 000101010101101000001010010111001110000111110011
23655744654438 000101011000001111001000010000011100110001100110
23810579104062 000101011010011111010101000111000000000100111110
23905878587647 000101011011111000000101011001101011100011111111
24035248211282 000101011101110000100100011011101000010101010010
24139531042799 000101011111010001101100001011000011111111101111
24201252323136 000101100000001011001011000011000011111101000000
24279992371067 000101100001010100100000010100100000011101111011
24332800326162 000101100010000101101011111010110111101000010010
24359061839387 000101100010011110001001001110100101111000011011
24376776075001 000101100010101110101001000101000010011011111001
24385639853628 000101100010110110111001011001101010111000111100
