18646 000000000100100011010110
47405 000000001011100100101101
92773 000000010110101001100101
137586 000000100001100101110010
173356 000000101010010100101100
214291 000000110100010100010011
260547 000000111111100111000011
310948 000001001011111010100100
365093 000001011001001000100101
422782 000001100111001101111110
483651 000001110110000101000011
547069 000010000101100011111101
612392 000010010101100000101000
682291 000010100110100100110011
756062 000010111000100101011110
830205 000011001010101011111101
903676 000011011100100111111100
975538 000011101110001010110010
1045308 000011111111001100111100
1111831 000100001111011100010111
1174325 000100011110101100110101
1232203 000100101100110101001011
1284748 000100111001101010001100
1331261 000101000101000000111101
1370979 000101001110101101100011
1395282 000101010100101001010010
1409606 000101011000001001000110
1428071 000101011100101001100111
1440547 000101011111101100100011
1446814 000101100001001110011110
1450991 000101100010001111101111
1453103 000101100010110000101111
