196912165966 000000000010110111011000111000010011010001001110
270649408254 000000000011111100000011111101100011101011111110
358914895448 000000000101001110010000111111101010111001011000
462363554403 000000000110101110100111000000111111001001100011
581849616638 000000001000011101111000111100001001000011111110
717807376434 000000001010011100100000101001110101100000110010
870232399045 000000001100101010011101111001001001110011000101
1040038347049 000000001111001000100111000111011100000100101001
1229127464393 000000010001111000101101101101001011010111001001
1437579138601 000000010100111010110110011001001101011000101001
1664324830110 000000011000001110000001011111011000001110011110
1845754154554 000000011010110110111111100001010100111000111010
1973147336353 000000011100101101101000101111101111111010100001
2105345444147 000000011110101000110000010111100000100100110011
2242175663427 000000100000101000001100000101010111110101000011
2383431956948 000000100010101011101111100111010111100111010100
2528875075152 000000100100110011001100101100110101011001010000
2678232883482 000000100110111110010011000111101010000100011010
2832344272997 000000101001001101110100110111111101000001100101
2991001277502 000000101011100001100101100100011001010000111110
3154059051122 000000101101111001011100100100011100000001110010
3325223772386 000000110000011000110110110010000010000011100010
3504714072868 000000110011000000000001001111001100001100100100
3690044985702 000000110101101100100111110100100001000101100110
3879617739556 000000111000011101001011001111001011101100100100
4073188845150 000000111011010001011100111110010110011001011110
4272031427800 000000111110001010101000111010100110110011011000
4475999551335 000001000001001000100110010111001111111101100111
4683134856326 000001000100001001100000100101101110110010000110
4894969111843 000001000111001110110010111001010010010100100011
5111168558078 000001001010011000001001011000101110001111111110
5329636761007 000001001101100011100111000110110001110110101111
5551928109380 000001010000110010101000101100111110100101000100
5777782630721 000001010100000100111110101011100110100101000001
6009137853861 000001010111011100011100100001101111010110100101
6243556513712 000001011010110110110000111101111101011110110000
6480879749415 000001011110010011110010100010010000100100100111
6723064325179 000001100001110101010101110111000110010000111011
6967568059564 000001100101011001000011011010110100110010101100
7216612368880 000001101001000000111111100111011110000111110000
7469968913897 000001101100101100111100110101111111010111101001
7724854040342 000001110000011010010101001011100101011100010110
7983663963028 000001110100001011010111011101000101101110010100
8246130759794 000001110111111111110011101100011101100001110010
8509239492911 000001111011110100110110001100101000000100101111
8775562291417 000001111111101100111000010001011110100011011001
9044797747794 000010000011100111100111111101001111001001010010
9313715138824 000010000111100010000100101011101011000100001000
9585061575802 000010001011011110110010001100001011110001111010
9858509919683 000010001111011101011100111110110101010111000011
10133912675840 000010010011011101111100010000111110011000000000
10410926593270 000010010111011111111011100101001101010011110110
10689394907472 000010011011100011010001100101100001100101010000
10982755214198 000010011111110100011111001110010010001101110110
11291073007209 000010100100010011101000011001010100111001101001
11600763031709 000010101000110100000011010111000001000010011101
11907998316455 000010101101010010001100000000100111011110100111
12215966881625 000010110001110001000000010111011101011101011001
12524229320354 000010110110010000000110001111010101111010100010
12832571166625 000010111010101111010000110110001000111110100001
13144336159023 000010111111010001100111011111001101000100101111
13455474804421 000011000011110011011000110010111100011011000101
13765766416137 000011001000010100010111100111100000011100001001
14078644099499 000011001100110111110000100101001001100110101011
14389932989406 000011010001011001101010110110000001101111011110
14699414151635 000011010101111001111001010110111110000111010011
15006626885491 000011011010011000000000101010100010111101110011
15311364638891 000011011110110011110100011100110100100010101011
15613179159901 000011100011001100111001111111110110010101011101
15911880625051 000011100111100011000101111111100000101110011011
16211039511995 000011101011111001101101010000000110010110111011
16510361650879 000011110000010000011110001111011100011010111111
16805541357485 000011110100100011011000010100101010011110101101
17096413904499 000011111000110010010001101011010111111001110011
17386549120711 000011111101000000011111000101011000111011000111
17675632811464 000100000001001101101101110100001001110111001000
17959397219084 000100000101010101111111011111011101101100001100
18237716584273 000100001001011001001100100111100101011101010001
18510218056589 000100001101010110111110111110001101001110001101
18780668814058 000100010001010010110111000101111110001011101010
19048487802558 000100010101001100010010010110010101011010111110
19309842423816 000100011000111111101100010011000110000000001000
19568144479619 000100011100110000010000010011001111010110000011
19823077164358 000100100000011101101011011110010000010101000110
20070690349669 000100100100000100010010010111100110001001100101
20310972179161 000100100111100100000100010010000010001011011001
20547172658904 000100101011000000000010111011010110111011011000
20778991943251 000100101110010111111100011011101111111001010011
21006129556330 000100110001101011011110111000111110101101101010
21228285121477 000100110100111010011000011001001101001111000101
21441940716529 000100111000000001010111010000100111101111110001
21650321524915 000100111011000011011011101110010100100010110011
21852869014570 000100111110000000000100011111101011010000101010
22046621371767 000101000000110100100001000010010000110101110111
22234312442961 000101000011100011010100010010111000010001010001
22415682865615 000101000110001100001110110100001000100111001111
22590478326387 000101001000101111000001011011111001101001110011
22717520809141 000101001010100101010101110000100000110010110101
22799695545897 000101001011110001110111110000010000011000101001
22916903383604 000101001101011111000001111000101011001000110100
23030952470429 000101001111001001001111101111011010011110011101
23105939907400 000101010000001111000101010101110010001101001000
23212498763234 000101010001110010010100101111100011110111100010
23315426705912 000101010011010010001011101110100000000111111000
23382795054442 000101010100010000111011001100010110110101101010
23478091494209 000101010101101001101011010011011011001101000001
23597341590519 000101010111011000101111001010011100001111110111
23708767058010 000101011001000000100000101000110111100001011010
23786268754499 000101011010001000101100000110011000001001000011
23835963829304 000101011010110110111110001010000010110000111000
23883614959329 000101011011100011010110011000101011011011100001
23929204516642 000101011100001101110011101111000010011100100010
23972715579655 000101011100110110010101001100100100100100000111
24014131946880 000101011101011100111001110011011110010110000000
24071902734419 000101011110010010101101001101100010100001010011
24123534695232 000101011111000010110010101101110101101101000000
24156559992250 000101011111100001100011001011010110010110111010
24187421583716 000101011111111110010010101010111110100101100100
24216107797068 000101100000011001000000100000001100101001001100
24242607759799 000101100000110001101100000001100010000110110111
24266911408566 000101100001001000010100101000100110000110110110
24299380152151 000101100001100110100011111011000001011101010111
24325517456008 000101100001111110111001110100111011001010001000
24341091132032 000101100010001101011010000101110010001010000000
24360688234346 000101100010011111101010001010110010111101101010
24373901511337 000101100010101011111101101111011100101010101001
24380652949271 000101100010110010010000001010001000111100010111
24387266248587 000101100010111000011010010101110111111110001011
