1521 000000000000010111110001
7548 000000000001110101111100
16380 000000000011111111111100
25856 000000000110010100000000
34414 000000001000011001101110
44955 000000001010111110011011
57761 000000001110000110100001
72794 000000010001110001011010
90209 000000010110000001100001
110242 000000011010111010100010
133102 000000100000011111101110
158922 000000100110110011001010
187827 000000101101110110110011
221638 000000110110000111000110
260900 000000111111101100100100
304658 000001001010011000010010
353031 000001010110001100000111
406174 000001100011001010011110
464604 000001110001011011011100
528314 000010000000111110111010
597532 000010010001111000011100
672726 000010100100001111010110
754229 000010111000001000110101
842386 000011001101101010010010
937228 000011100100110100001100
1012413 000011110111001010111101
1065230 000100000100000100001110
1148058 000100011000010010011010
1234009 000100101101010001011001
1294273 000100111011111111000001
1356145 000101001011000101110001
1420093 000101011010101100111101
