989 000000000000001111011101
3358 000000000000110100011110
5689 000000000001011000111001
8921 000000000010001011011001
13248 000000000011001111000000
17192 000000000100001100101000
20324 000000000100111101100100
23823 000000000101110100001111
27700 000000000110110000110100
31965 000000000111110011011101
36647 000000001000111100100111
41891 000000001010001110100011
47751 000000001011101010000111
54152 000000001101001110001000
61098 000000001110111010101010
68618 000000010000110000001010
76706 000000010010101110100010
85397 000000010100110110010101
94723 000000010111001000000011
104688 000000011001100011110000
115394 000000011100001011000010
126852 000000011110111110000100
139007 000000100001111011111111
151921 000000100101000101110001
165586 000000101000011011010010
180001 000000101011111100100001
195240 000000101111101010101000
212140 000000110011110010101100
230713 000000111000010100111001
250231 000000111101000101110111
270920 000001000010001001001000
292788 000001000111011110110100
315857 000001001101000111010001
340124 000001010011000010011100
365428 000001011001001101110100
391913 000001011111101011101001
419753 000001100110011110101001
448962 000001101101100111000010
479553 000001110101000101000001
511297 000001111100110101000001
544417 000010000100111010100001
579141 000010001101011001000101
615239 000010010110001101000111
652696 000010011111010110011000
691792 000010101000111001010000
732530 000010110010110101110010
774937 000010111101001100011001
819006 000011000111111100111110
864756 000011010011000111110100
912172 000011011110101100101100
961263 000011101010101011101111
999436 000011110100000000001100
1025530 000011111010010111111010
1065230 000100000100000100001110
1105702 000100001101111100100110
1133460 000100010100101110010100
1175817 000100011111000100001001
1218954 000100101001100110001010
1248799 000100110000111000011111
1294273 000100111011111111000001
1340538 000101000111010001111010
1371992 000101001110111101011000
1403974 000101010110110001000110
1436468 000101011110101100110100
