0 000000000000
1 000000000001
1 000000000001
2 000000000010
3 000000000011
4 000000000100
5 000000000101
6 000000000110
7 000000000111
8 000000001000
9 000000001001
10 000000001010
12 000000001100
13 000000001101
15 000000001111
17 000000010001
19 000000010011
21 000000010101
23 000000010111
26 000000011010
28 000000011100
31 000000011111
34 000000100010
37 000000100101
40 000000101000
44 000000101100
48 000000110000
52 000000110100
56 000000111000
61 000000111101
66 000001000010
71 000001000111
77 000001001101
83 000001010011
89 000001011001
96 000001100000
102 000001100110
110 000001101110
117 000001110101
125 000001111101
133 000010000101
141 000010001101
150 000010010110
159 000010011111
169 000010101001
179 000010110011
189 000010111101
200 000011001000
211 000011010011
223 000011011111
235 000011101011
244 000011110100
250 000011111010
260 000100000100
270 000100001110
277 000100010101
287 000100011111
298 000100101010
305 000100110001
316 000100111100
327 000101000111
335 000101001111
343 000101010111
351 000101011111
