389368 00000000000001011111000011111000
1932374 00000000000111010111110001010110
4193260 00000000001111111111101111101100
6619072 00000000011001001111111111000000
8809938 00000000100001100110110111010010
11508534 00000000101011111001101100110110
14786836 00000000111000011010000100010100
18635369 00000001000111000101101001101001
23093377 00000001011000000110000010000001
28221840 00000001101011101010000110010000
34074223 00000010000001111110111001101111
40684099 00000010011011001100101001000011
48083646 00000010110111011011001010111110
56739447 00000011011000011100011001110111
66790406 00000011111110110010010000000110
77992481 00000100101001100001001000100001
90375873 00000101011000110000011011000001
103980457 00000110001100101001110110101001
118938533 00000111000101101101101110100101
135248438 00001000000011111011101000110110
152968253 00001001000111100001110000111101
172217908 00001010010000111101011000110100
193082616 00001011100000100011010011111000
215650855 00001100110110101001001000100111
239930249 00001110010011010000101110001001
259177665 00001111011100101011110011000001
272698837 00010000010000010000110111010101
293902922 00010001100001001001101001001010
315906388 00010010110101000101100101010100
331333873 00010011101111111100000011110001
347173225 00010100101100010111000101101001
363543856 00010101101010110011110100110000
