253176 00000000000000111101110011111000
859726 00000000000011010001111001001110
1456302 00000000000101100011100010101110
2283805 00000000001000101101100100011101
3391400 00000000001100111011111110101000
4401133 00000000010000110010011111101101
5202993 00000000010011110110010000110001
6098709 00000000010111010000111100010101
7091139 00000000011011000011001111000011
8183112 00000000011111001101110101001000
9381548 00000000100011110010011010101100
10724009 00000000101000111010001010101001
12224169 00000000101110101000011010101001
13862969 00000000110100111000100000111001
15641111 00000000111011101010101000010111
17566264 00000001000011000000101000111000
19636656 00000001001010111010000110110000
21861513 00000001010011011001010010001001
24249129 00000001011100100000001100101001
26800134 00000001100110001111000000000110
29540981 00000001110000101100001001110101
32474181 00000001111011111000010001000101
35585716 00000010000111101111111010110100
38891699 00000010010100010111000010110011
42390039 00000010100001101101001000010111
46080205 00000010101111110010000011001101
49981412 00000010111110101010011111100100
54307814 00000011001111001010101111100110
59062409 00000011100001010011100010001001
64059108 00000011110100010111011011100100
69355473 00000100001000100100011111010001
74953689 00000100011101111011001111011001
80859400 00000100110100011101000100001000
87071813 00000101001100001001110001000101
93549494 00000101100100110111001110110110
100329767 00000101111110101110100100100111
107456670 00000110011001111010100010011110
114934273 00000110110110011100001000000001
122765446 00000111010100010100000010000110
130892083 00000111110011010100000100110011
139370814 00001000010011101010000100111110
148260182 00001000110101100100010101010110
157501265 00001001011000110100011101010001
167090151 00001001111101011001011111100111
177098722 00001010100011100100111111100010
187527616 00001011001011010111000111000000
198383753 00001011110100110001100010001001
209665457 00001100011111110011110110110001
221377559 00001101001100011111010000010111
233515955 00001101111010110010101110110011
246083246 00001110101010101110111010101110
255855500 00001111010000000000101110001100
262535625 00001111101001011111100111001001
272698837 00010000010000010000110111010101
283059623 00010000110111110010010110100111
290165768 00010001010010111001010000001000
301009067 00010001111100010000100010101011
312052236 00010010100110011000101000001100
319692664 00010011000011100001111101111000
331333873 00010011101111111100000011110001
343177774 00010100011101000111101000101110
351230071 00010100111011110101100001110111
359417431 00010101011011000100011001010111
367735766 00010101111010110011001111010110
