58278 1110001110100110
55476 1101100010110100
52953 1100111011011001
50668 1100010111101100
48562 1011110110110010
46629 1011011000100101
44835 1010111100100011
43155 1010100010010011
41558 1010001001010110
40059 1001110001111011
38642 1001011011110010
37962 1001010001001010
37298 1001000110110010
36651 1000111100101011
36020 1000110010110100
35406 1000101001001110
34808 1000011111111000
34226 1000010110110010
33653 1000001101110101
33096 1000000101001000
32547 0111111100100011
31990 0111110011110110
31441 0111101011010001
30900 0111100010110100
30376 0111011010101000
29860 0111010010100100
29352 0111001010101000
28852 0111000010110100
28369 0110111011010001
27886 0110110011101110
27419 0110101100011011
26960 0110100101010000
26509 0110011110001101
26067 0110010111010011
25625 0110010000011001
25199 0110001001101111
24773 0110000011000101
24355 0101111100100011
23945 0101110110001001
23536 0101101111110000
23134 0101101001011110
22741 0101100011010101
22348 0101011101001100
21963 0101010111001011
21586 0101010001010010
21209 0101001011011001
20840 0101000101101000
20480 0101000000000000
20120 0100111010011000
19767 0100110100110111
19415 0100101111010111
19071 0100101001111111
18727 0100100100100111
18358 0100011110110110
17990 0100011001000110
17629 0100010011011101
17277 0100001101111101
16925 0100001000011101
16581 0100000011000101
16237 0011111101101101
15892 0011111000010100
15557 0011110011000101
15221 0011101101110101
14885 0011101000100101
14557 0011100011011101
14230 0011011110010110
13910 0011011001010110
13591 0011010100010111
13279 0011001111011111
12968 0011001010101000
12657 0011000101110001
12345 0011000000111001
12042 0010111100001010
11739 0010110111011011
11436 0010110010101100
11133 0010101101111101
10838 0010101001010110
10543 0010100100101111
10256 0010100000010000
9961 0010011011101001
9675 0010010111001011
9388 0010010010101100
9101 0010001110001101
8815 0010001001101111
8536 0010000101011000
8258 0010000001000010
7979 0001111100101011
7700 0001111000010100
7422 0001110011111110
7143 0001101111100111
6873 0001101011011001
6595 0001100111000011
6324 0001100010110100
6054 0001011110100110
5784 0001011010011000
5513 0001010110001001
5243 0001010001111011
5104 0001001111110000
4973 0001001101101101
4710 0001001001100110
4571 0001000111011011
4440 0001000101011000
4178 0001000001010010
4039 0000111111000111
3908 0000111101000100
3645 0000111000111101
3383 0000110100110111
3121 0000110000110001
2990 0000101110101110
2859 0000101100101011
2728 0000101010101000
2597 0000101000100101
2466 0000100110100010
2335 0000100100011111
2081 0000100000100001
1950 0000011110011110
1819 0000011100011011
1688 0000011010011000
1556 0000011000010100
1425 0000010110010001
1294 0000010100001110
1040 0000010000010000
909 0000001110001101
778 0000001100001010
524 0000001000001100
393 0000000110001001
262 0000000100000110
