3635689816 11011000101101000011100101011000
3320546591 11000101111010111000010100011111
3055869231 10110110001001001101110100101111
2828235964 10101000100100110111010010111100
2625298760 10011100011110101110000101001000
2532420092 10010110111100011010100111111100
2444373262 10010001101100100010110100001110
2360621400 10001100101101000011100101011000
2281164505 10000111111101111100111011011001
2205465706 10000011011101001011110001101010
2132988133 01111111001000101101000011100101
2060510560 01111010110100001110010101100000
1990717342 01110110101001111110111110011110
1923608478 01110010101001111110111110011110
1859183968 01101110110100001110010101100000
1796906942 01101011000110101001111110111110
1737314271 01100111100011010100111111011111
1679332213 01100100000110001001001101110101
1623497638 01100000110001001001101110100110
1569273676 01011101100010010011011101001100
1516123455 01011010010111100011010100111111
1464583848 01010111010010111100011010101000
1414654853 01010100010100011110101110000101
1365799600 01010001011010000111001010110000
1318554960 01001110100101111000110101010000
1272384061 01001011110101110000101000111101
1227286905 01001001001001101110100101111001
1178968523 01000110010001011010000111001011
1132260753 01000011011111001110110110010001
1086626726 01000000110001001001101110100110
1041529569 00111110000101000111101011100001
997506154 00111011011101001011110001101010
954019611 00111000110111010010111100011011
911606809 00110110010101100000010000011001
870267748 00110011110111110011101101100100
829465559 00110001011100001010001111010111
789200241 00101111000010100011110101110001
749471793 00101100101011000000100000110001
710280217 00101010010101100000010000011001
672162382 00101000000100000110001001001110
634044547 00100101110010101100000010000011
596463583 00100011100011010100111111011111
559419490 00100001010110000001000001100010
522912268 00011111001010110000001000001100
486405046 00011100111111011111001110110110
450434695 00011010110110010001011010000111
414464344 00011000101101000011100101011000
379030864 00010110100101111000110101010000
343597384 00010100011110101110000101001000
308700774 00010010011001100110011001100110
273804165 00010000010100011110101110000101
256087425 00001111010000111001010110000001
238907556 00001110001111010111000010100100
204547817 00001100001100010010011011101001
187367948 00001011001010110000001000001100
170188079 00001010001001001101110100101111
136365212 00001000001000001100010010011100
119185342 00000111000110101001111110111110
102005473 00000110000101000111101011100001
68182606 00000100000100000110001001001110
51002737 00000011000010100011110101110001
34359738 00000010000011000100100110111010
17179869 00000001000001100010010011011101
