14919139 111000111010010111100011
14201913 110110001011010000111001
13555991 110011101101100100010111
12970885 110001011110101110000101
12431917 101111011011001000101101
11936989 101101100010010011011101
11477713 101011110010001011010001
11047797 101010001001001101110101
10638852 101000100101011000000100
10255073 100111000111101011100001
9892266 100101101111000110101010
9718202 100101000100100110111010
9548333 100100011011001000101101
9382658 100011110010101100000010
9221177 100011001011010000111001
9063891 100010100100110111010011
8910799 100001111111011111001111
8761901 100001011011001000101101
8615100 100000110111010010111100
8472494 100000010100011110101110
8331985 011111110010001011010001
8189379 011111001111010111000011
8048869 011110101101000011100101
7910457 011110001011010000111001
7776240 011101101010011111110000
7644119 011101001010001111010111
7514096 011100101010011111110000
7386169 011100001011010000111001
7262437 011011101101000011100101
7138705 011011001110110110010001
7019168 011010110001101010100000
6901727 011010010100111111011111
6786384 011001111000110101010000
6673138 011001011101001011110010
6559891 011001000001100010010011
6450840 011000100110111010011000
6341788 011000001100010010011100
6234833 010111110010001011010001
6129975 010111011000100100110111
6025118 010110111110111110011110
5922357 010110100101111000110101
5821694 010110001101010011111110
5721031 010101110100101111000111
5622465 010101011100101011000001
5525996 010101000101000111101100
5429527 010100101101100100010111
5335155 010100010110100001110011
5242880 010100000000000000000000
5150605 010011101001011110001101
5060428 010011010011011101001100
4970250 010010111101011100001010
4882170 010010100111111011111010
4794089 010010010010011011101001
4699718 010001111011011001000110
4605346 010001100100010110100010
4513071 010001001101110100101111
4422894 010000110111110011101110
4332716 010000100001110010101100
4244636 010000001100010010011100
4156555 001111110110110010001011
4068475 001111100001010001111011
3982492 001111001100010010011100
3896508 001110110111010010111100
3810525 001110100010010011011101
3726639 001110001101110100101111
3642753 001101111001010110000001
3560964 001101100101011000000100
3479175 001101010001011010000111
3399483 001100111101111100111011
3319792 001100101010011111110000
3240100 001100010111000010100100
3160408 001100000011100101011000
3082813 001011110000101000111101
3005219 001011011101101100100011
2927624 001011001010110000001000
2850030 001010110111110011101110
2774532 001010100101011000000100
2699035 001010010010111100011011
2625634 001010000001000001100010
2550137 001001101110100101111001
2476737 001001011100101011000001
2403336 001001001010110000001000
2329936 001000111000110101010000
2256536 001000100110111010011000
2185232 001000010101100000010000
2113929 001000000100000110001001
2042626 000111110010101100000010
1971323 000111100001010001111011
1900020 000111001111110111110100
1828717 000110111110011101101101
1759511 000110101101100100010111
1688207 000110011100001010001111
1619001 000110001011010000111001
1549795 000101111010010111100011
1480589 000101101001011110001101
1411383 000101011000100100110111
1342177 000101000111101011100001
1306526 000100111110111110011110
1272971 000100110110110010001011
1205862 000100100110011001100110
1170211 000100011101101100100011
1136656 000100010101100000010000
1069548 000100000101000111101100
1033896 000011111100011010101000
1000342 000011110100001110010110
933233 000011100011110101110001
866124 000011010011011101001100
799015 000011000011000100100111
765460 000010111010111000010100
731906 000010110010101100000010
698352 000010101010011111110000
664797 000010100010010011011101
631243 000010011010000111001011
597688 000010010001111010111000
532677 000010000010000011000101
499122 000001111001110110110010
465568 000001110001101010100000
432013 000001101001011110001101
398459 000001100001010001111011
364904 000001011001000101101000
331350 000001010000111001010110
266338 000001000001000001100010
232784 000000111000110101010000
199229 000000110000101000111101
134218 000000100000110001001010
100663 000000011000100100110111
67109 000000010000011000100101
