3167 110001011111
2697 101010001001
2331 100100011011
2175 100001111111
2034 011111110010
1898 011101101010
1773 011011101101
1657 011001111001
1548 011000001100
1446 010110100110
1349 010101000101
1257 010011101001
1170 010010010010
1080 010000111000
993 001111100001
910 001110001110
830 001100111110
753 001011110001
677 001010100101
605 001001011101
534 001000010110
464 000111010000
395 000110001011
328 000101001000
261 000100000101
228 000011100100
195 000011000011
130 000010000010
97 000001100001
65 000001000001
33 000000100001
